79843.17
23897 66383 94680 37193 6924 58250 1438 83408 34329 23691 66273 7445 67385 7351 3974 85729 84674 27660 69760 41360

79668.96
99554 82767 25381 43841 29203 78030 75972 24752 86249 68225 9152 23580 91948 98384 24956 92977 52741 668 25940 21323 14496 18775 40356 4999 80653 13119 29368 83881 58933 91177 65489 3890 48672 4190 31899 48040

79736.75
77043 47807 80168 12771 14674 33475 94399 38338 68112 54043 68528 90984 11648 80605 49575 86783 45579 47714 78736 54562 92360 3415 23125 92096 31498 88816 54052

79868.75
80078 89054 7266 96262 25332 99268 5700 11233 68758 26657 6694 34362 56924 57380 7933 21388 98867 18510 71372 3394 30607 53899 58761

79793.23
91758 84951 16226 10577 90882 32163 51841 40468 12390 41871 64993 45829 34393 49847 75753 77149 28952 29153 82193 28142 96020 49510 5671 66354 80340 81203 345 68547 5479 28141

79750.15
98190 3357 45689 11717 38716 11485 77716 35425 74661 73055 25952 43119 69500 64552 19625 10838 76659 38613 84128 86232 59194 38228 96483 19210

79709.69
29584 38579 96286 29780 32098 4512 45562 5393 45890 88822 63793 6640 28260 20379 66420 67980 9233 37168 44093 74949 40262 10852 14890 2218 26884 97223 46978

79761.72
26800 95472 88613 22540 77646 96083 40963 7639 5257 57914 93855 83385 95256 45241 84538 44213 42078 3753 12137 33375 90687 91375 55574 18150 36985 12842 89308 60392 78453 74800 17985 40159 57796 38109

79749.05
8648 20805 11216 84765 92603 7693 51382 71761 635 12315 90859 14426 99188 33050 42375 23134 69351 8114 41676 27241 4224 16322 7410

79758.24
2091 72771 17274 91390 90111 69515 40670 66200 42595 33869 87479 62925 96264 91385 85548 33458 65777 72702 89564 49210 19048 13547 81917 2380 14873 15289 77236 67800 5277

