31
0
1
8
27
64
125
216
343
512
729
1000
74510095384049382228252200025415502314135338663245408777777232397913465125738223975230867441901234853352999805930517978629607507
95266425144898408361726916655022532343091546834362573597483631016522036192406690086632312931220160183057334816750001506010092736335191399484828
458767175823176747869633959558155950544680207470772560805055361491574398931764964390176505716843051530104100
538994403915786650758245055527239486401946508659168834499551499188465377798170900910692078080308045145333196645237421729618
841483607191082337497173882267724664000860154770007844960932590256354080556477707997525660361966909972251721593964264013932164246419825280712
96989139685586699360167295931903755819165614102132209965513573903946166538422415910941970393325041411023968029
80592705015364562439152578160373301661436805181231079411968123000925449895876834259096753276736628771735545254445635404292671273252949929189261
3057829419510753839456783503398472213426070444843022432813456170617918357624240373250047227647324456527828419
890067139496611443569027466356687765168788617276183532084473183523505100666711964475198095177222203817447039573683509096797565473544288563239
73607392914507014446611971000879098824145575022233709048887205013265535938580292711731202298582767860694780
0122794445542668292529701912653739113767545534467064410952117862410243751581645950703260603111216544231001303588985333620491422754134
114692273876941917420399364551081280654206898644766239228874585610698023763951074634589755221924850908142868059388051509145
646353877816595688060472517769917807432418247189584460481389046433795203510332235119261656110686388541929406843441851366176007
10082246288189121709872842410376586602718996635225517442230422432146819382530751573259476525884680516443807156471287530801919569702235747
8941490041243114684258354734861207935205710206606383851012548113126033617100084049652585819302679795814405
289743098532280121020199116833380857188050189039831250440467729328144429380679360715101858450015258796343723814657310907259513573771999016101131
06309366123233130094423220166225392584651030530235774744985157880467718257947371233380881248734654847196919727596249494136520644
9255469625462457964716898268758673064614892040352753069311408717148684296082230525623053194927302190919628197576935211791052535072
77085231912872461022930927139405654754511771388272081825348500036799064766084881352735155955149580709962994155415548726965022179536525523725265386
346342066815103730829581529823467761016508181943871561194393231223485551069798574745842288084643905567820594743798285
