8
1
        8  


   1000  



2
33076161
243968430956830496723498572394843695472356892734509823470592347860839467438967392487520945823409865230947
243968430956830496723498572394843695472356892734509823470592347860839467438967392487520945823409865230947111111111243968430956830496723498572394843695472356892734509823470592347860839467438967392487520945823409865230947
243968430956830496723498572394843695472356892734509823470592347860839467438967392487520945823409865230947111111111243968430956830496723498572394843695472356892734509823470592347860839467438967392487520945823409865230947243968430956830496723498572394843695472356892734509823470592347860839467438967392487520945823409865230947111111111243968430956830496723498572394843695472356892734509823470592347860839467438967392487520945823409865230947