4000
90844 5625
30499 92191
86945 64276
78043 73915
26566 83600
71601 81037
23459 35448
65200 10844
8452 39576
42759 46577
92208 25683
59768 14630
89611 25952
87331 24744
23770 69269
13667 57602
16676 64317
29138 18768
39977 35226
57561 91677
44886 75894
10695 43605
82622 93192
75961 70079
23415 63742
27478 90371
8551 43218
19752 67959
38567 32730
76103 76375
51393 28690
88678 43599
87481 14145
82589 59097
71150 3472
2822 79354
52218 40759
78490 28210
55669 25888
69454 15329
53259 12653
49877 60001
50497 84526
15195 91568
64791 25673
78055 15368
59619 47127
70620 60487
20923 25487
8474 22566
66783 64680
31834 70803
66461 22796
4784 55457
98641 52248
81619 18344
17442 18888
31099 71700
778 13156
73046 11861
8649 71747
28537 64399
37536 16619
82226 21762
95555 92024
77280 11346
79372 42616
86813 83974
191 66788
40943 39325
18397 94250
61047 22853
15853 41243
15744 28537
16226 51020
64154 29350
21739 50910
62839 69965
67551 38729
60072 4392
11439 88031
45634 32050
43403 50541
6665 7089
28429 92901
92965 81892
67168 85897
10711 46703
48222 9448
45002 52102
44799 1441
63576 49004
74048 17054
71927 63162
27010 1280
60495 56026
72074 73286
2635 32896
11571 26517
34942 30842
68354 18542
14744 82033
79055 86589
53650 38209
24904 98675
63273 23900
26496 65949
82214 60487
47450 32485
16857 90048
32288 38067
39955 47666
60506 15560
3273 67401
92238 21850
32776 45651
25733 15605
87705 1063
17499 13957
74360 55808
81736 53235
95627 13978
32974 98652
90866 57018
53978 54131
95079 97273
98158 85343
32436 64836
71347 91980
14641 54162
38419 2471
33350 5465
59206 57856
94733 58718
75590 25572
63668 33508
10135 61717
33378 29173
17893 80483
41665 14470
67428 25220
53224 21873
67384 25548
11943 63014
22181 28511
6924 73752
21838 69588
24266 98459
81770 20468
20167 87331
21034 56368
31961 12489
11150 34091
36676 87469
55151 80916
61705 21412
62547 93560
81581 36174
61071 62358
21830 13109
61524 52752
15757 75600
59769 23552
36053 84184
76351 30780
76659 68292
33167 39684
39169 67998
50057 3813
50022 294
29148 91739
2293 91438
24411 78412
37891 94754
41316 12074
62397 50342
12101 56903
74410 63967
86445 46638
22204 1820
80514 96254
51985 37544
47255 35018
40664 27629
58132 27434
95864 34617
94457 85145
91868 70245
9712 35724
87863 8366
2230 3066
3316 24226
87922 24053
58081 85346
99035 95078
44614 37430
71576 37389
15057 55318
97363 49296
73706 79559
91017 67968
8556 42109
32088 92720
34496 57537
92213 63502
7673 54767
31461 23499
39954 36327
99564 81162
27457 38222
17580 83097
98612 49168
61483 22038
10647 2243
49389 60914
22404 40192
8131 83792
69848 16522
35682 4087
92284 14238
43197 38872
90168 48188
7225 32088
11716 20174
49606 31547
60857 16743
32843 55011
43563 68923
87605 17998
76486 26476
33993 47372
55766 78346
13371 9971
37438 89227
42801 78248
51831 27211
96728 48812
97907 38454
39644 5923
31355 87339
84677 8651
93516 70142
18404 24338
90814 10283
93547 98105
73583 37701
14671 25467
10993 1642
73882 36615
27662 989
29091 20159
60821 25138
80960 56444
38276 65662
33169 43190
36833 41499
90204 64646
78737 84579
56254 45614
80287 78201
69828 55896
78173 28393
62457 81194
67373 64992
69591 51805
18880 56460
50773 55928
80123 85980
33922 73602
12633 14122
45332 20750
49523 5512
4572 92891
98202 28033
21006 32155
68006 37278
7469 65823
6069 43777
2935 32934
80951 78075
98789 48736
3233 23597
43803 99865
17794 81513
90037 11379
27589 28670
23086 12726
94462 36917
3175 35646
41729 18344
94335 8778
76172 49507
49237 16210
90417 96339
46761 60601
13142 27924
66754 79108
16443 17207
73876 81129
35961 35150
22786 81719
46163 57749
81837 45943
30011 66437
37670 67825
78378 13385
33917 31977
56693 48919
91767 93594
42712 41395
12952 63665
84039 90085
33006 53585
6764 16597
93921 85823
75535 97962
30850 87551
71032 25379
56492 9812
28261 46678
59543 33426
79254 97820
60296 47004
21200 46958
57868 74905
48926 80378
75961 43323
86110 38653
50847 51856
53242 24162
39189 5376
31872 80366
77921 73301
90175 30245
48911 70193
2921 60536
2000 57620
5365 44291
52106 15449
23118 79179
11854 28963
10982 43828
70229 87392
63520 25639
92988 23364
88774 1546
68 61898
19528 25942
77061 57669
90355 31324
7056 10855
3386 95130
12364 81675
8360 72759
31941 13130
42 68416
5532 79062
80859 41667
40578 70061
63980 26703
78599 49170
94807 7118
15316 58987
12106 94662
80675 86979
55269 82152
57595 57041
24710 78307
2466 14695
84489 13542
45506 48458
86433 77730
21118 94300
95792 38472
17598 4930
55770 32436
82171 68002
37132 21523
52627 64320
94273 7360
94686 5123
79932 92280
14891 82998
93594 21057
28357 14807
58269 75555
1333 80435
85881 67546
18729 37853
98235 96882
35917 32079
1625 66407
85727 79648
96744 87920
95094 31769
86266 53976
36511 42601
57375 47810
36358 49017
7481 68426
52478 51647
51230 6097
99820 21011
82772 72823
8747 38001
560 39307
83638 9118
33506 37013
58533 89878
87983 46313
93296 56683
14451 39426
11949 45643
91819 43170
78558 40317
74383 10586
16667 63936
84881 55997
85537 79788
91649 89796
70019 18725
82459 89966
72306 99560
83513 78152
7378 1524
28792 29913
35354 19872
51568 41142
48007 60015
48723 85989
57655 82189
21496 23421
48213 8258
69094 96711
47980 21264
11478 4303
43549 10364
63997 41649
60393 34073
32235 77202
23572 94267
50365 152
29744 54441
31920 80898
90900 4168
16513 18596
27461 87662
20945 71215
39222 35088
31529 8212
54514 24625
92975 77608
17582 66230
85710 98342
53638 6913
94427 56424
73261 54537
55462 38349
34648 63513
43966 81485
15393 76668
47487 33076
94128 54314
78340 77813
96596 37433
17641 54030
68769 52539
65883 39981
52699 31211
60436 2090
21673 99633
80914 54709
16271 44784
52041 22314
72500 26706
21145 6837
80507 66231
11711 67774
29867 55545
22897 67816
3285 24432
1419 58313
43700 26045
64530 36504
60110 63382
59251 27924
64744 96778
9037 17196
52149 42169
11430 95251
73189 33732
56390 22613
116 69378
33115 60444
63147 21802
90854 74010
35677 53809
79724 1787
27868 73661
49648 66751
68753 9719
91261 67548
7302 31273
40188 8474
82319 47604
43190 43459
46370 95683
77897 94230
94225 15827
35763 89667
27403 53204
63737 42066
31969 17923
12418 55587
27904 61714
20915 52917
25372 41286
34470 91103
51445 63712
28863 62427
71457 26978
51106 48016
20214 93331
8581 58271
71900 75447
56578 61590
76506 44662
87134 97852
61314 61411
77542 76548
29899 96546
54026 51885
96965 67311
39376 54118
27802 48747
217 89428
47307 63160
64106 33083
59739 70338
59073 20587
38097 53278
6221 59149
22638 56116
11630 25696
38406 65213
68725 10613
4499 5569
19335 40224
86840 13962
32719 69935
40110 48218
50202 98205
81337 79101
68531 39961
31028 21149
50806 18371
27720 57357
93351 69165
87004 3049
40931 54024
78679 57755
41115 89831
64684 87356
77599 99494
84451 27469
79178 57513
63220 34763
47041 28158
63734 54201
78942 76627
83074 27365
10063 73850
13592 33871
51685 58484
91407 12153
3147 47912
87363 76621
74003 11350
49433 47535
75098 38849
76575 86624
78600 1849
14562 43981
15127 76501
76926 29442
20340 77999
49154 42730
565 31525
2309 27622
65343 88947
56063 7890
87757 49220
45516 74226
80461 54434
66727 93753
26793 19566
64953 78278
22215 71087
94506 46034
36120 55106
59587 30506
66845 45452
32105 11370
96572 77552
95303 70503
79803 70155
26449 70753
72289 4794
63920 87
42149 28315
30758 81778
54494 89967
6836 21815
532 57792
85435 40839
64549 67367
24806 86688
79542 81325
64129 66759
77758 70968
30437 60118
70245 54891
25305 31273
17552 6804
12018 54199
90365 84500
27947 77846
89623 34575
54476 84130
38286 31533
14455 7402
63587 65890
55460 2410
18136 66715
49172 41367
25450 7297
18456 45654
12861 36038
41580 47711
73104 66768
82591 29493
13170 62954
19397 52814
23994 42122
74773 96083
83267 33111
60837 79031
87420 85377
90676 42654
26289 92476
15732 17952
95089 42035
90946 27569
60510 50821
46345 53169
14362 40524
34829 77935
28357 43641
55260 32273
41930 96343
36667 5996
10934 41160
36525 10914
56840 37121
72836 44826
3842 10247
79973 66898
41695 94579
56816 91548
1638 81059
92883 63862
26651 13270
98314 96874
12120 3060
94329 2965
56431 79642
16758 82864
47922 68246
96193 89404
47989 34638
32189 34448
16946 18993
90382 75805
63671 71837
90698 11162
28493 67917
59041 16781
90686 66521
79586 15842
68186 98504
23344 88356
24566 7102
64001 76928
9439 38283
52321 2933
87225 59715
8959 26974
37193 53024
63630 13303
27230 12857
86193 28287
97229 79222
14052 22049
3117 9279
70494 26552
6246 54017
16544 6084
40350 75886
23734 43365
29310 76470
24485 13247
87965 32969
28888 56689
85565 41300
12573 48020
92169 76164
11120 1436
75195 27988
60369 73742
47716 10902
47861 79775
75849 90523
3451 85397
67445 95841
7618 56353
56351 23245
92098 28702
14540 24265
74095 79020
47296 10821
32929 80068
22751 92738
59161 94139
35214 26622
4629 28710
90201 20179
18449 14827
46656 65075
21101 12348
49791 58636
49814 80879
41037 72156
63379 1249
74398 70284
62414 56188
87599 84493
85687 15728
24074 81269
34169 61815
17313 14921
68229 54196
4764 29009
88837 81117
26539 51129
97197 15455
72800 95045
94389 81008
67734 22268
46800 47270
69059 56058
58508 54946
20976 49944
8264 10987
81727 5421
16431 76038
23534 17963
63480 46546
6270 24562
88326 52393
4524 59705
78931 55300
32036 69436
71180 19751
2348 79703
80691 53238
20070 73293
63911 50598
69118 32710
23410 42398
1847 48797
3732 76939
15781 47585
41261 18415
16895 31707
80987 82898
85953 18487
19098 56963
97725 42896
95031 63508
6959 65399
16815 81261
90143 86888
41199 50197
97709 89473
38102 35440
66513 45444
17030 52456
9389 15967
40036 34802
6915 4069
23125 79280
11797 96304
41011 54030
36924 12361
12844 69230
76749 93540
46660 84331
97709 4207
21420 90824
74102 55934
79490 78294
98007 84771
80322 27722
57157 18499
50330 27658
96797 24357
70062 2435
71164 9397
5057 26923
14224 98643
33956 20967
67468 93978
29165 7129
88544 51010
15170 25626
57388 85526
57865 93240
69674 34172
56323 19985
88603 33319
39056 49814
7150 4695
77163 83783
26324 90597
60716 45405
80135 58926
35815 37164
41022 95930
26408 3191
83446 46176
63508 85244
89944 69100
79687 88796
23253 45722
68255 61805
6036 19935
21527 23118
77798 3581
60306 5541
29196 60526
76812 19835
77501 20120
99599 58255
58367 70838
90607 61879
54546 80871
59989 62241
68259 69391
40151 61778
46442 47260
62320 33482
5035 23362
11714 65730
47317 42984
31859 3501
16706 8194
86817 51995
36544 36724
64254 74229
65311 88101
46097 26906
90490 86790
38183 14587
36356 59322
21593 14301
19383 3740
81802 81246
92666 60811
70455 75410
20943 85014
12123 75060
5965 87470
25180 75137
77233 27797
57112 29135
524 73654
74124 36604
65283 14172
72234 45343
26674 57697
69383 64956
60723 57218
93498 22958
8472 48838
5509 49545
15730 25996
79778 16294
33543 44212
5519 46030
70005 25297
97008 85184
58154 44254
88443 52891
27852 99303
72461 12127
24782 42355
94988 94646
20242 10390
40318 1017
84076 17621
78497 84152
90746 84592
13883 67720
3252 29396
9965 76435
87549 32284
42996 43310
22565 28231
1361 52919
89172 17446
75499 70673
92269 63598
34896 43288
59444 89374
59932 35506
43351 39996
53838 46334
45134 39418
54896 31198
72038 17066
91724 88345
75648 86026
5164 32788
36819 45806
84647 15126
60088 69913
88368 21966
74397 13380
44873 38395
8596 33239
14524 73212
47384 35959
4076 39895
37176 50287
63549 29873
28123 47252
11699 90207
29790 32003
62492 52409
24552 77135
55970 50229
42865 55003
32759 11237
86001 88416
73604 78545
72931 46237
41741 16166
9380 57337
25986 50583
19011 82984
32696 1760
53456 6145
7294 59401
27706 32472
7680 15748
32354 73942
26407 55816
7277 40440
41906 10002
41855 70867
24439 5661
62052 34569
33241 5960
81700 82606
48473 83484
40475 15332
77233 86653
28564 62459
71974 94653
91248 48872
13818 15658
53567 75473
35196 98475
15148 50885
11428 91043
7109 2348
13371 65292
26440 1419
11932 46736
41883 19379
5316 36050
28642 65892
28018 25295
65180 49258
17725 25099
74930 13386
364 80950
84760 43966
27253 19228
55917 95191
81574 46806
65671 67207
65301 74970
45820 53152
6153 21530
20767 38257
45544 64026
68264 88103
42055 94404
14761 83075
99167 55447
66127 70958
20613 39905
52425 74769
78871 97024
42005 41768
62192 7277
93301 19953
23195 48067
93092 24382
74728 92149
24674 29972
92643 82067
39210 87268
18571 31237
33656 84910
99028 11520
72528 76731
41671 94411
87490 37642
12553 85685
40470 56830
14660 41774
10846 92808
19844 60154
65141 79376
58006 58597
15656 48574
65446 8952
46693 34449
1037 47297
70661 76234
56216 8649
1747 8892
91013 6121
46711 9420
87819 52107
35319 90771
81566 1485
86685 33733
25466 49634
73897 82374
53334 27390
45677 83142
4673 17801
23379 22191
34758 7077
86325 51719
43927 39735
20769 66345
16196 66962
51075 19930
19221 32062
21318 92333
75268 22252
98173 61694
96029 77994
38004 42070
22790 5352
88106 52000
29552 30075
4121 55602
87062 55299
38685 56294
8702 99783
6702 59851
25123 89035
16096 88541
15817 75076
55849 17943
19951 85671
42626 71214
17362 29609
37974 72438
75080 85604
26749 78151
16059 65562
32631 40017
54529 52686
11985 40813
98779 11845
20935 73847
14241 31403
94973 86369
84727 76811
36593 6424
56614 42434
88980 40150
57691 64369
20575 72201
55694 81316
73255 12210
76037 37152
21259 39203
94460 76877
18269 93388
21842 46311
24465 71348
75889 49995
30932 94965
18020 83489
11875 72025
81544 4718
436 89729
75230 4246
54053 84159
58722 22225
19774 65863
34053 51781
22854 15648
26777 67826
20477 21674
47595 19374
36239 91015
79832 91888
68697 94755
58468 1698
29494 31320
79563 54227
57865 97342
90578 94699
73735 79149
18261 71400
42340 86304
30186 85589
73975 82144
12605 65115
8385 27193
1658 79976
6067 73356
17634 51093
83254 31553
68820 28232
98745 42435
83580 4557
15533 76134
22338 85669
66127 47675
93222 58591
63444 52702
19700 83226
62359 12915
98485 45653
89127 94434
89304 56073
6187 7606
36522 4424
64197 60374
44100 90778
34845 77783
37466 84795
67528 7472
39151 96627
90361 34524
73327 59283
23363 97463
70483 69519
72503 1181
97142 6890
46652 45454
19529 31658
99580 98855
66154 32864
80451 4190
80075 17921
34304 51022
50971 18399
52111 61243
65996 64609
43234 87903
1953 116
36013 6156
79241 5499
85499 53001
6734 13904
68119 16767
76001 71665
21101 2989
74003 36333
38273 46974
14834 31794
25411 75652
19236 97315
74324 94396
27204 33353
83069 49762
97023 31495
70034 14120
11989 16868
47059 45529
40861 16183
87903 22557
28851 51441
27892 20124
48297 87246
59797 22489
66626 23591
58732 98159
84488 4019
99229 71486
36011 25395
45146 84495
19392 22421
87826 7912
94740 45055
14003 52917
5246 30071
25240 14422
7461 68411
8214 27232
7563 80729
13891 72706
22618 78337
95760 29675
5733 90267
89889 49979
26090 43996
9602 6072
59156 22185
45712 23060
6124 79712
64605 37249
740 69641
53502 19963
40686 90834
66533 41934
92727 28840
46766 80928
81148 28721
65432 42485
38171 5360
5418 64820
53190 17261
90250 3315
20841 28136
48407 52758
6325 31475
62811 82677
13236 24888
23433 16110
52313 56275
5216 54462
7699 59208
8955 65208
75865 80234
69095 29073
44504 24192
88664 41360
25212 44118
12543 57740
41318 97061
78377 30953
68286 13338
85229 16312
92862 24814
71088 57795
72677 64583
9888 83435
50217 63293
81837 55697
75186 28228
62057 63719
78678 67367
36033 6429
55383 97848
66367 39218
10163 11301
30512 70850
34485 95693
64929 26038
31164 2073
31925 66531
88212 51601
31809 82783
50804 22863
29777 46721
68263 21196
79404 86454
77165 38711
13144 46707
88692 94136
77 89247
33202 47287
60076 48607
39709 87819
51997 25742
11366 60218
34639 35150
61145 26639
3138 13975
46108 21216
60176 84102
27175 46128
15780 49716
83075 65654
51270 43905
59598 27501
5437 65257
83721 21097
24395 48526
34787 65951
85151 40560
27894 89390
85337 61368
26862 34358
45397 25677
84515 59810
23084 41147
7890 21523
690 19343
59197 78763
84388 23892
2768 270
28393 98669
50637 88601
43307 7145
8590 18738
18301 22468
28996 61875
53310 65715
39938 70982
78450 94757
85203 71816
16387 20571
84656 11825
10898 48972
61348 97800
87806 18116
86620 95783
99244 58011
96742 7241
86510 17769
78128 77810
97306 89299
92995 74870
94015 58721
20628 44506
23325 25166
65989 67953
2189 88106
89415 37080
60685 75480
96668 7216
84897 53510
39679 14570
55120 7046
78589 74807
34480 42421
20139 96044
52776 58218
43863 8797
88558 42111
87762 6411
71587 66053
19016 45421
18953 48002
54564 90103
49076 51238
92664 64958
56696 97250
9915 21304
5059 19820
19214 39312
8262 98752
61790 24429
89574 85702
12038 96687
17842 61555
23729 27824
63760 21092
64199 35067
77959 39339
32373 63269
37055 16446
56219 79876
71827 87086
19102 89200
43609 6597
30465 41632
52777 94857
33702 80465
44559 61884
4440 19918
43349 72838
48635 11088
83444 58465
19529 5494
88412 39574
9020 56760
59146 7682
28938 18677
52616 87586
50233 25971
90630 4002
9640 11938
18002 54694
80621 96333
98506 44514
52141 221
82792 35583
98100 20169
6696 56654
4789 92249
42558 98448
83909 50705
83282 37453
47121 47145
38404 9135
71047 74423
12345 6600
39279 92021
51632 39611
7710 64673
90163 81774
10260 74467
21898 80869
20422 77055
51230 95636
36602 26963
31933 36429
64209 81137
53352 63864
72511 10136
86224 20295
81456 56816
70916 45462
99804 1630
8686 94916
56853 63301
35412 96114
3742 38033
73727 37243
43324 18606
29524 34080
89713 23621
97945 67281
20049 30772
60606 5794
83832 29957
44237 74685
476 17170
67518 73635
84171 91972
98899 56192
28487 37558
95573 41315
75160 76436
19328 1199
27746 38200
71486 44618
31010 83913
53965 7349
41454 28981
53051 50599
83251 83026
71299 62843
7181 46919
65973 47586
91532 88000
83654 9891
13258 50794
39832 30567
86323 22408
97805 89240
75645 23083
46542 11805
45267 57271
11315 9184
35380 36541
80333 48748
77307 58173
88959 42243
83887 51517
2035 24320
2882 59155
36479 64733
48310 17238
40218 92842
19006 42222
10886 86441
81106 19088
59372 78341
51443 47501
6699 69960
80583 18813
90893 80159
74794 27363
50220 72880
17537 35645
3358 46099
10775 75963
572 19384
48825 12910
3208 43842
54488 99972
32078 76549
47910 74165
40900 24479
50752 63237
43105 40148
84260 48402
72621 91712
36619 60560
26391 54641
10607 53686
98761 82438
44329 23540
87955 65930
47990 18384
63075 24675
62930 23725
84930 57893
16128 33335
81567 99255
17693 24330
92303 99536
41149 91177
41459 92831
3961 57784
78141 11720
16109 78001
21730 84092
83174 65231
9557 32331
40959 71730
13035 83348
63283 77936
95826 64532
19807 29001
96259 98028
80379 35394
23837 99861
10012 8314
92415 11457
2915 55595
89262 12422
70943 98324
4382 25573
61347 25193
68134 1973
19608 10819
1912 7037
86779 59140
9451 54994
66242 11658
83490 54543
7295 5860
85575 32296
24540 31655
90682 59714
90714 10137
92373 2494
49916 41048
13741 92694
54745 85359
2164 84454
36729 3477
14167 19074
76015 5643
10633 88741
65421 52284
53251 37588
84693 34740
33392 60151
18959 58347
1694 11022
72695 65127
30827 63398
90876 28249
2063 14406
45511 59000
73382 68424
24913 77013
82771 57238
44688 1804
86794 76039
34275 6934
90339 18401
3492 15278
60095 92955
67338 30241
81742 20949
89393 87502
46805 90354
79601 65517
78169 38804
66610 36864
82185 15880
82393 89902
64996 85206
50585 25817
73373 51133
28054 36385
76823 91626
46776 11047
20076 93455
4767 18430
25913 10621
74046 907
47808 38063
48493 50991
58327 64631
87982 58148
80327 37190
17095 89416
13463 43904
50350 46327
20745 97045
64577 6792
57369 45747
83214 47725
81975 64820
53946 61998
72270 9665
42800 69825
12313 51857
85428 985
48536 27356
45223 37643
50624 57237
90239 36213
83738 42319
64125 86152
7707 71192
56138 47873
76136 22072
51715 28389
86619 70555
50469 83738
73882 4961
71591 21631
34701 5045
48675 65266
57377 88395
51677 17307
56134 56371
85510 61368
73494 92437
9051 74063
45749 43558
19781 77513
38198 38656
45971 27086
31147 75819
65069 79106
67272 95791
14601 33937
87310 54319
23509 35962
21364 88107
64051 67930
89546 22221
8538 72643
56391 17080
59172 38396
25356 12452
52010 88939
79424 22985
55308 38422
1298 49766
89737 64548
64706 30936
54453 48369
37239 46222
3865 48279
34436 7038
27313 7449
4812 50230
82023 6331
39692 14546
49199 29649
90516 57636
93614 30381
51503 80071
16638 7144
39102 49640
90347 40543
84855 60814
62306 14663
92980 33913
83033 96857
1732 70042
6060 28400
34312 45412
17160 3441
85451 54521
72445 67804
55299 79974
87921 41303
16434 24302
57127 41845
86092 47513
50161 70081
20305 41612
31107 87790
33376 12338
58394 68635
38195 15610
26207 44752
33115 30845
49859 6499
42168 38338
41180 99413
87234 16688
5350 30840
76225 18626
90349 29608
84372 15476
44145 50001
50724 88025
26226 9469
25875 41325
87498 60858
17711 60185
17162 92894
29777 41222
35673 27363
5630 24077
37807 51297
72777 62655
29057 58072
18463 4973
86703 4022
92098 90551
17262 3489
37895 83798
49422 32227
72035 19757
58143 24080
85440 4494
95320 25079
80355 31688
17664 10320
14025 68698
19399 11059
78533 47546
56568 69592
7399 92348
82729 23929
95610 79837
10695 4471
77163 94626
53486 47538
13253 60673
92107 87930
69829 80520
82472 18066
1368 55740
60550 65304
270 27503
96423 45559
64399 56865
4980 47056
81302 68785
99310 49083
62883 35455
68308 35167
32910 88175
4064 11352
96177 73736
60714 26101
82141 6507
94173 47566
49159 22991
38353 68848
2892 61316
4151 9130
80051 17566
55333 11086
26909 48389
44273 63028
30170 61232
64852 42790
50736 64889
979 52931
12996 68070
35340 79111
95850 30070
34029 51322
67893 69253
86501 66960
63290 53297
77036 84051
91894 59021
92193 11929
67941 18644
40494 66037
24276 55162
83176 56185
76832 9560
42713 20050
64907 82553
48449 99297
65771 47435
51491 69554
19475 63864
47661 56144
16228 63296
92985 77187
7080 32090
25129 2187
40468 49197
89791 65674
11250 99077
21612 36845
43333 48633
31065 50816
45828 52642
21811 18608
79015 44654
4382 8914
27856 57425
46985 44160
34041 35966
19171 16672
26520 14133
54787 81581
92023 36634
9142 89054
90323 364
2787 23423
13977 68972
96296 9245
41748 84716
17754 96918
90250 30488
16121 99771
96259 97016
87153 95438
12018 76803
40745 97997
31414 73494
84563 46542
44101 4095
78253 87636
78844 15698
75512 19448
59437 25549
43718 45454
92162 5040
59249 6281
53079 11901
50178 94735
76088 73155
62308 98821
92756 40496
15471 69138
70063 56802
27280 2506
64176 2782
37329 84874
96825 81217
7411 44849
9721 93853
74742 18620
59523 45349
53221 30345
77434 73866
2331 48358
80880 96973
88641 45034
53859 43549
62697 82514
81945 43162
26521 20664
15078 56988
93915 62521
84540 55763
85993 17689
18292 49374
218 96335
14160 23540
18997 26302
99002 14138
84664 44278
32705 77623
94609 17460
20007 26070
32901 39263
64538 30272
13576 82603
56665 77162
89839 34094
8875 15363
71725 26026
44206 58831
5978 41958
62070 36364
7726 34771
32356 27716
80922 90773
74886 4727
32490 58032
58010 40477
14463 70766
13807 36666
54143 62063
64358 48301
69859 21929
17856 54230
4100 77010
78156 75566
26056 50974
67027 10130
51571 37917
20832 41021
47221 23980
55566 97547
35925 30057
13267 13544
23018 64132
15388 2472
47870 55724
89275 34007
12720 44611
87259 28092
71146 69426
60860 89580
31803 57
4286 90133
3767 11230
41794 47248
34282 92815
97642 5516
14001 10221
90907 9819
77350 21783
61457 15
7160 63068
43824 44379
57321 30499
17446 65479
92659 70410
90813 14420
17531 31885
93653 86202
73757 17951
74657 51332
76310 80055
4356 57303
95470 58657
5291 70884
81748 85077
72718 59691
6469 68104
82686 74573
29951 37866
52673 68540
82394 43348
89346 89583
63614 47864
84220 11392
34250 15377
90486 97601
53865 69412
25477 66475
47995 36832
91747 76403
75742 98068
73765 18126
57672 36062
65662 7627
62172 56542
6426 13975
98841 29842
85684 27065
64295 63624
3344 30459
29729 75770
38585 67246
10133 59740
45838 810
93601 28862
48532 57385
96907 58544
32764 16990
59254 87789
61833 59770
87696 71615
94294 8027
64507 48281
10807 49751
52460 70389
35455 15728
68987 54051
31616 25560
53384 50810
78898 2194
87248 72409
48697 7587
90046 28274
84572 12257
77624 52112
58896 69651
32249 89317
66868 55101
70738 55017
36251 13378
79237 1418
59016 33694
79469 37759
32923 2175
81528 48530
98686 13299
72790 39152
41605 55098
69298 35178
38996 11352
7364 24197
586 78787
17503 90896
19499 15746
78912 41055
29414 35677
62750 7127
40506 54832
63039 88962
87665 5148
34826 89854
66996 68850
97409 73870
80270 7001
38783 94549
83769 42389
46432 61450
85394 47335
10560 33564
42191 9024
65349 30859
80340 78045
85117 73422
13599 29794
74380 27252
66629 75244
28362 67563
12745 45209
44443 43479
56385 89554
62041 44261
49691 39070
96164 45992
73448 13279
38719 26965
13982 4514
98898 54671
12505 1231
74913 75774
93329 24967
82198 92939
50480 8118
26397 77475
5624 76825
76627 96575
98033 7716
70101 10727
72124 33144
83836 94493
44665 20651
40823 24100
49143 13797
768 23531
65605 62714
30900 44757
89098 77780
19954 65026
85116 33066
31766 29308
5053 30454
47121 46519
55472 95117
40589 65272
27772 17298
82166 66340
30246 37106
94926 12150
56871 16499
91736 60480
14166 62654
28869 74075
92559 4808
93934 3525
80741 77846
95259 36175
94713 84902
46008 98968
71427 75599
63084 95693
88124 4405
35535 1516
58120 63217
44906 4511
87476 19115
69742 3495
70073 19700
57993 22467
13282 75431
66125 84488
24900 23664
33044 70519
94237 60541
84819 48677
24932 97818
56422 79275
81780 60351
74204 75369
86729 56659
84455 71036
8432 16610
21235 6302
40606 9724
27439 95457
57375 79094
17759 26334
39112 32383
27301 33205
75966 62987
9994 77000
17986 96181
45020 78873
29659 62885
16332 415
7671 59169
39992 56626
86522 42270
18099 22016
19348 548
30851 44269
59613 35401
74624 69575
71382 89852
77413 97427
13812 17381
53629 76055
96412 11261
85002 23220
99492 70857
33096 38225
92826 55656
92895 34246
93231 86244
66259 17253
69551 98441
24911 22493
43754 34529
75627 95835
24897 11287
61014 59935
37381 11748
93191 89846
29321 61450
10667 54856
88289 83627
82444 63375
21817 60632
82233 23383
57295 7680
87481 88266
3999 85305
96582 73149
92745 49981
98570 77242
23660 64239
25981 35674
229 49743
56011 88337
41773 34060
82278 6587
12101 40943
82376 97077
32079 2314
35547 65108
16389 42755
6379 60741
5376 87011
98151 8845
19840 55884
10612 38899
83789 45002
39908 93910
75100 79890
48076 21357
56412 67186
40864 85771
78695 76654
18607 41951
21636 69931
57682 69796
21136 63028
89854 59792
67262 15612
56644 63368
74950 34527
9554 31136
76361 28936
86248 4878
58909 47947
9006 51443
30365 22119
6185 93493
4984 73100
21643 72575
37179 87770
35536 39510
67037 96884
42943 84799
41065 41199
78399 6266
94758 93791
35560 83192
20051 61611
79027 71576
35442 63465
47234 40716
95614 93291
38893 85223
57671 49462
5096 8649
92087 2569
77684 68785
19206 56079
74328 28928
85138 1641
26813 45060
64373 62135
56897 5353
7435 92987
28383 7697
18483 18943
27199 30603
7332 55397
42182 73954
28283 59518
64490 69544
17622 44089
10829 29909
93637 61558
58281 62186
83993 89354
67114 64234
33474 44582
60970 23425
40600 31395
64419 28274
30132 82867
69135 44206
83254 2405
91796 39091
32997 74802
90490 86127
69723 13071
57866 83678
63893 72043
46561 43754
32836 88602
14265 19485
42448 23909
54264 37944
5586 44049
219 91208
54139 85413
53267 91669
64484 17871
17945 70928
75081 69645
76354 13620
1156 27939
97867 19892
13410 11220
77401 44053
43781 36940
44178 23461
65708 14453
89533 93612
98539 90762
66878 36668
95344 78107
67387 67335
16000 82737
91121 96460
62372 22001
23532 99121
38880 96729
16772 44667
24197 2510
18120 34180
84039 13745
75282 4225
52668 52139
80880 75405
41392 88758
67906 63027
44650 29266
61260 62047
67118 92605
36676 72714
14065 93650
64731 12057
60107 39642
91564 27894
97224 45634
33107 50657
54294 89520
35847 60261
67353 14665
57824 55204
52818 37894
78791 83062
31690 46174
33599 4762
42188 86384
23773 78711
70302 87359
61098 19713
31038 68437
39205 79052
32049 10954
5717 47255
49452 20699
50862 63395
13327 74903
14361 8825
54130 90993
2128 33538
48520 92271
8287 33979
51071 91052
81539 64930
87008 20967
40374 41460
75631 37662
52664 37632
79541 36932
4102 51291
75881 99609
7091 18044
79680 45693
15012 65714
73403 27413
44887 98145
89722 3403
50706 1661
75213 66515
56037 84446
16439 46168
35403 84054
48995 1797
53167 62841
71431 71437
25681 73488
24332 35695
85350 66603
70719 19888
51766 34276
3763 68216
10046 35629
67572 71779
8519 75949
63056 79500
84152 46690
97935 73150
66405 60093
35143 72342
72784 35183
67826 51819
36207 87548
18245 80254
43591 97165
13865 71925
46397 56971
82833 3728
12444 25527
29397 88309
27149 38725
18129 73668
47928 32574
92664 77514
94427 64162
57735 7509
49111 57044
31242 70316
33470 62543
48168 91
83157 5952
18065 76634
87874 89176
7000 26151
92622 59748
43063 58497
52455 40079
41287 90137
1764 13551
23757 53522
89611 62409
2918 55885
46057 73926
77533 18295
13439 37591
60323 57476
57393 98216
22788 66568
1439 32954
48696 77791
91645 598
59992 4846
20488 86443
94311 78853
6820 10792
9264 95411
71593 80290
2555 8691
32283 72519
63078 89010
58370 76679
6595 71360
15826 95299
98834 13993
51618 95758
16939 60236
66895 50159
96222 84054
18417 75334
56788 86975
72872 99084
97935 94126
17323 36600
48928 69091
38431 86527
39261 28992
30634 84594
42686 63910
15631 83468
48972 7193
65503 8960
71164 2874
90387 67182
36473 60491
48998 20153
85545 48235
46112 25834
92091 21905
35298 88490
30560 68918
80255 7285
51425 85533
80915 68362
12593 46220
90812 32233
46655 84884
66250 69692
20445 59931
69814 97897
88607 66380
58426 98296
93827 23281
73469 76562
61219 593
16362 2266
58786 84043
17933 59520
32297 63086
44512 44058
65285 44165
20663 21843
22526 33259
53794 67592
17903 32817
5010 28906
27611 61576
2024 33138
81277 86841
83369 49883
19069 9628
9224 25700
21558 13775
92678 26480
16463 61780
37226 19016
84725 8339
86916 15708
76450 91542
70700 35361
43431 65901
63818 76408
11787 50295
30104 65946
73552 89255
95439 14348
1592 44253
11362 83323
22694 41463
84785 13463
42350 17784
53003 68769
70188 67669
98599 77651
18877 68055
94183 33525
393 61569
1556 30819
50823 89419
9259 69145
84699 72654
15501 1858
83313 11609
46313 77309
3103 15069
19041 26298
47228 65656
89594 29462
20984 32963
2768 42303
76461 30288
39151 33146
42916 88187
81926 44754
91045 24429
48818 6172
5671 74755
16685 41708
27906 38024
65291 97532
45353 93076
39 43140
50234 34701
54294 82479
73149 18277
25615 74566
47990 13595
82499 26430
64595 61956
67980 872
1318 49446
21753 20532
68281 12547
23950 16688
53129 26293
44010 25639
79433 65244
10555 48554
78587 9387
41264 29581
56570 22520
75771 13100
68749 71772
17268 71554
76574 47493
39552 71050
63922 30496
57343 50267
45694 5298
30937 152
27625 46153
25772 39701
49569 39498
73776 72581
14422 70385
3808 19522
66923 32451
14679 78252
70579 32794
78356 70169
42317 80357
97331 95302
10146 98939
82349 19272
26565 44088
22646 10756
98051 98729
76093 89008
89476 94353
76287 44291
31845 54968
62661 1076
93430 36731
74746 16328
1208 97315
15515 30808
19412 1086
54488 48662
83801 71073
82801 68716
6788 19042
88870 76751
12782 89551
80319 53880
60313 14653
43948 5401
19814 17951
30732 33259
46648 82945
46970 82608
58079 72562
69814 27851
55836 62388
71561 70609
14993 18311
13243 40142
45552 69729
20261 51401
98365 26754
56316 23097
40982 48392
72177 15713
4935 33711
28313 43772
47135 93516
13677 80749
97978 9138
30508 9165
59069 41168
88443 26895
92322 42153
56865 61669
4666 82892
92231 92289
17713 65039
43417 5100
42234 52658
22491 70690
4080 22882
17572 61381
70644 45497
83700 36628
33938 38812
27618 79925
14651 51649
99534 71854
78484 58562
80029 14388
41183 7190
37740 98696
92510 31931
13752 71791
17714 45750
40545 24586
95979 81254
51517 32656
27199 26613
53344 29588
44695 97633
5369 49758
88197 59155
20105 68463
59309 80610
66897 93361
73784 48843
8287 11654
68312 40976
80079 46061
50456 25747
2844 2730
85722 76620
97853 76671
70957 14360
81738 10692
23986 18628
21756 8110
38532 33536
90147 33809
95481 60820
60572 11031
15906 35030
37274 60954
74418 3888
87029 54958
24379 14660
43543 27108
84241 70739
64409 58967
33880 74985
40265 26513
75135 11093
79828 82722
35431 11111
22402 6182
6273 70708
91269 11288
3292 38631
5982 60767
2150 43747
84261 37256
86767 69540
27509 9687
85049 90223
78592 54067
24676 2300
56430 21197
65061 29008
88802 6963
43078 59603
92717 38346
87542 88054
85088 95549
81656 99129
67427 67941
47268 49616
27848 96375
49375 5837
43324 97174
5290 58795
4071 57188
45199 43288
81402 9136
74703 72233
29717 3330
34208 60558
80472 48437
50020 84569
51304 31581
64060 64906
3992 74987
20440 8207
70105 25317
22801 23662
19844 22797
76074 62822
41291 25283
66495 15728
30852 91444
58219 39696
373 78642
90735 88355
42670 46690
14215 17375
46731 75266
7023 6962
67407 7805
32076 32698
25282 46992
64342 67534
71184 78815
55218 37610
47689 24868
59672 84942
21955 18216
49206 15802
87711 28504
15469 55541
84108 17635
38316 10747
12653 7423
83541 45019
29316 57006
1443 23352
54387 97556
64804 17930
149 69950
89681 95711
41080 19033
81489 50859
8710 57305
56500 60476
27144 27450
22688 21718
28351 79010
47731 24538
68675 46193
25606 94477
19961 26003
30232 85457
12647 94881
74020 64762
50063 85081
61225 95420
35201 19358
3003 2541
64676 46413
50018 26409
66129 54129
41984 56198
50843 32057
39260 14148
37744 66182
63607 19115
96977 48183
6172 12445
89902 98694
70329 85095
10975 7312
22283 58132
22392 12978
66391 41093
11186 72933
50559 70986
33729 24839
94933 44906
88568 85377
43901 20889
8064 83256
88329 76793
99005 92748
38970 11554
16178 18553
67612 23824
8027 12045
11854 4249
17072 71748
13560 35241
24883 69200
25597 86305
24245 6605
12294 46009
48420 89248
52820 80184
59524 78906
87211 49364
81736 10493
74108 47463
22889 65971
39935 7388
17520 87440
16132 29648
15240 3108
25170 13538
87585 15393
74273 79054
67472 3365
5768 14901
59108 51668
91003 32199
97200 53456
26384 41339
21115 53082
73790 60073
27560 86198
37708 57043
90413 6708
89664 67538
50872 90677
6115 55938
91207 49107
97967 27258
65648 28361
20673 56144
43625 95594
6281 62902
96849 20599
30813 53661
4394 59214
7445 91046
58272 71850
20087 19129
25406 31989
5458 66899
50797 98434
75670 36651
53826 61241
78947 79905
73943 16507
33909 8066
92570 22594
26817 5450
40872 45426
8900 35586
90108 48921
69942 58993
37563 77699
69427 36271
46551 11156
98859 38806
66801 24776
32408 45187
6321 44747
8250 15939
22506 5205
25775 79955
97529 9360
93975 2950
73506 82700
791 78296
48927 99007
98818 40057
30655 24720
46749 50851
64907 13181
96706 26757
67416 34970
70678 69989
98441 80400
16069 40843
15642 86361
42616 74930
34633 71831
15540 73359
49744 28745
4682 97047
73000 52399
76718 77286
24225 76314
33546 98139
10134 5289
91220 87974
12314 29874
40341 98116
13633 40399
79409 49126
98296 36512
57167 72648
37028 6212
67180 69491
43561 85098
18361 36982
80259 1534
59576 1201
40571 57724
71693 26313
91200 53489
88931 73706
71693 88258
80500 8047
22593 94137
87219 52056
43413 79752
23235 7282
80237 98030
81056 14181
93162 46804
20278 19629
98481 33355
39457 62029
40955 45777
93163 30077
30353 13315
6551 327
5317 78804
6798 8815
71699 37457
57778 52210
4280 63165
73377 32244
91850 44145
92839 16403
67560 79399
37230 91832
90311 37928
27240 23802
7213 64745
16966 83876
85029 7705
22599 92532
20033 70704
94407 53045
19071 85955
64150 70298
30481 29179
13820 69736
48279 70670
41452 85229
69026 97930
55612 46971
21940 479
83588 95043
8246 89124
99524 34328
71673 21200
82435 21786
86792 53559
70743 45919
54010 33173
94826 28068
31736 92303
9455 39663
7266 80482
23259 8292
34026 59387
44549 255
61454 53937
77240 67292
33960 79975
24523 91332
7384 32102
82018 6542
6518 79384
91138 83933
30273 59853
79743 39933
1635 97312
80265 73928
52870 69794
56075 73817
86687 16127
84888 39905
48948 82905
66625 78235
49314 22568
63347 27085
67405 15827
20983 53646
91551 94953
34793 1853
70317 28175
33593 59073
53759 49747
38525 82989
94249 19753
97546 49631
73052 45820
62765 21160
15645 90172
39971 32040
88685 72002
9141 92632
3621 60680
25634 55505
88158 18994
9511 70771
93641 39357
32545 88359
71647 58539
18630 93460
83599 80864
46074 40417
86311 31504
89031 37838
44420 73264
29633 94885
22090 45271
35257 20818
424 51893
25760 99043
68193 37590
57385 79603
18577 26322
86336 80156
84516 611
30353 31433
21111 33432
72788 4512
90679 96481
49035 41185
16462 16609
27930 2857
73869 43498
29568 28619
79557 27232
23877 67155
63314 74119
93277 96996
37890 62492
98802 91855
884 98515
82689 77285
36495 27793
76501 36647
64926 11342
27226 59032
81481 90370
22164 26728
9419 47405
47198 27052
67714 71957
60215 48873
59713 88321
23172 57189
25179 47106
69265 64321
18506 63755
24883 96517
23277 77428
48108 10229
25341 89013
21060 59638
13279 64076
10279 22710
11109 80043
76899 45714
75366 36696
47727 5497
4890 72211
34764 89285
43008 19075
23114 94178
16111 87327
33305 42698
68959 12212
34610 15916
79193 72356
70759 71691
93372 12638
4879 75534
9719 67221
95431 94368
36545 67503
22440 96040
19343 19336
5304 57788
46164 93041
97825 24795
8239 21742
27828 76465
83558 42045
51182 22583
54022 49229
93217 96025
47064 62796
86191 49217
63177 93607
18534 5532
8077 43256
10824 34369
66085 19564
65946 42191
11393 34922
77011 5634
42648 94191
53939 29651
57127 88865
18174 22589
31092 34497
1206 48376
66712 6327
47925 23121
95352 98892
2010 58360
99996 84355
78258 5467
34019 67766
74803 27806
59946 45155
87223 14410
86178 48608
91991 18965
5336 4372
56507 17278
40827 19130
14790 18487
22897 5497
55425 46679
13728 10856
81341 54968
11701 29117
40027 48661
84459 83717
13692 9649
73319 34860
82135 6184
49264 98506
67710 98158
70260 9205
40902 64270
1212 57872
90551 83371
61722 25114
93842 59633
77035 95147
42592 71567
54828 66871
10462 34285
45766 9745
61709 50896
69016 48715
79566 58012
97159 54823
63139 6100
86737 3079
51363 83962
65807 83383
98864 55972
82959 77822
22978 58828
56949 58574
40624 27762
21007 78628
44391 75881
49577 73550
50765 43759
70391 59301
54760 45364
50426 11226
14776 92483
33640 29997
4795 11665
3548 42027
9818 88245
98117 37577
43050 4357
1881 87034
14453 69006
55165 60654
7242 5834
76047 7121
20671 19694
83843 61507
97090 48074
90815 97552
57808 48544
69708 16396
45329 22375
8940 33310
2760 72337
36403 74574
38199 44701
42319 74897
29879 2895
76746 15805
88069 45841
72494 97228
29617 6663
64407 34952
24606 56285
81027 13472
76065 67450
47403 45978
40344 17558
84756 16547
94344 3852
13252 95841
46286 26598
23002 54748
85699 12214
55277 96058
44736 50108
23491 44210
63334 67901
85741 44656
28689 31444
16389 77502
46104 79421
49045 6871
35954 52100
3053 13950
41785 70517
68660 41576
63176 32684
27489 16630
64615 8847
97846 29328
47280 64158
66142 27647
72743 88815
42506 66979
77465 62585
82926 72687
8565 87318
56363 52035
36808 91584
86148 98440
41788 52202
24735 53319
47713 28405
58647 68413
72054 67804
81366 92779
87755 48334
71793 52064
21327 13742
53251 21103
29897 83760
98103 44081
95184 36845
4609 54253
78877 12855
63778 59118
23584 60637
66688 45743
10026 17186
48366 9642
14328 88840
85079 87526
56899 92910
70070 5063
28175 32465
41917 23203
89255 51979
58177 71581
20643 64074
42904 82400
7824 33856
29437 55615
48481 19435
36972 78194
60472 48678
13089 88383
15521 70559
80991 75634
8193 89796
58731 50366
10064 58693
24336 83433
28006 87913
28754 74274
91813 39210
8566 80804
50721 47652
16464 50711
83795 65836
5691 87063
44523 91820
63187 79684
12613 90897
34571 43877
10877 87604
66598 79669
78718 96524
67094 83649
34992 66750
33651 17299
67032 9891
41370 4560
69719 8353
63050 16854
66301 64016
27657 27659
30245 6419
86837 34824
6527 87449
70893 94528
23182 19737
89666 48159
72056 19736
6227 18817
20248 17472
23246 7777
82571 76008
25614 4230
36542 55151
93267 39789
54648 64003
87757 92273
99422 13632
81340 65860
95229 33618
45633 59976
72326 85411
83803 94760
76035 57606
20385 45483
88496 59952
21206 57678
22152 57845
30488 92039
55341 18662
66769 68943
15116 126
65247 36885
48097 20745
19573 62762
64051 85412
35395 8817
8740 81397
95641 49384
69976 65287
26817 13305
12350 9688
49169 87430
48142 25553
52150 43819
2084 2054
65182 36310
2771 23185
53462 3776
51726 67390
81848 46852
68830 26112
73860 47035
38842 71360
81834 95019
28963 94760
47383 84377
93984 23239
42837 72505
98717 3934
24205 44343
97927 6980
47559 88696
59331 58993
96451 33383
43831 88343
51517 49451
95305 59097
82348 35617
67533 36198
66527 5673
67878 49007
37734 78686
51376 18641
37503 34304
6060 35444
56648 18543
69631 43753
97441 29839
414 57132
60937 85064
13724 60130
45385 34082
81520 91040
65688 38942
19712 79009
47498 70998
96582 19791
27517 87614
76290 98837
10870 94506
22882 51749
77115 51686
37289 37781
8541 24006
99473 91230
46158 23630
74957 75688
37055 94423
62814 41519
72246 16680
97380 47535
68576 74578
70608 43206
86935 40428
26748 48188
93851 18614
65272 78628
88726 23434
72847 60739
25251 37251
43971 29373
72648 80022
41146 43736
73454 75370
52040 93610
56784 48815
35134 25627
60564 95806
49951 99521
97378 63873
73628 96468
32161 34308
92611 562
49107 16368
25871 98319
4992 51643
49708 61229
7691 24838
76434 7810
11921 76871
1795 15665
95013 72576
14748 59201
95849 68487
49988 39289
57525 30300
27302 67003
85576 81084
88374 59891
99414 34860
50506 1284
83618 73124
47414 52579
17613 64870
4144 73362
2196 79030
92666 71380
12277 71347
30384 35405
76743 60154
58699 92053
55275 55587
686 88530
41314 91961
725 78205
63680 58619
50999 35067
80190 30489
73697 43430
365 75527
89539 53449
18642 1094
96260 36272
51361 65970
1090 10557
77533 84208
11334 67355
232 44739
81269 52967
8671 20730
54695 67049
79642 89300
54218 41434
65269 83107
89191 19033
4984 80692
35328 42378
91113 35367
70829 47389
20408 74725
71697 33073
54009 81734
16559 53826
62529 75801
12268 36441
69045 94598
12296 60609
68192 76732
21722 51431
11281 42289
64818 53466
50516 15265
42229 77717
96163 32253
90611 61101
29601 2736
66143 14539
93404 39777
82851 20633
10963 18061
45941 77246
73303 27641
17044 42121
94181 42990
90381 91399
56039 39615
78754 91437
70301 85480
14337 21148
951 61848
47793 93842
2698 47426
72591 57973
37384 79779
46769 41841
21839 12984
90218 51206
93299 74556
83025 55350
38969 16872
12771 41800
82901 59349
90601 49467
12431 47766
14624 37323
52707 43524
49885 90712
27843 40726
20620 2922
97646 43945
33179 64642
82100 82242
74818 93356
15869 2708
59038 9918
69085 35200
53706 37932
60486 77902
92032 59757
38847 30251
12402 53604
32207 41031
47948 44133
93927 65374
84692 93506
30013 70121
1350 61440
78953 9959
66681 95704
66444 94461
65087 73825
72114 64925
56328 32167
28220 38116
56519 26546
60584 2486
48957 28086
99640 64383
17559 44709
17917 89897
58898 25054
77374 28751
68743 14485
98259 72529
60197 56395
14537 45762
86834 31411
25600 20464
30118 62382
99309 29030
82028 16341
66645 10204
38367 97070
44562 11647
43455 30672
82933 37857
18203 18317
95369 83592
92623 92912
41223 41633
40061 79112
77132 76091
32250 70644
48440 80652
37186 95465
69700 97972
80470 45915
85161 55093
75056 35336
98144 69331
19130 72898
72733 55202
18382 13250
59240 41723
59155 22646
41951 45740
16651 93780
16386 5719
40842 4396
70361 33754
88039 70522
88363 10898
18993 85631
27782 38188
84083 6788
19328 5813
95767 60288
27056 51978
45688 25079
67080 79249
22464 79011
23269 36393
14083 56151
57354 78517
29087 66465
56850 414
953 75755
9620 87512
31402 38764
91053 57153
55350 48074
16398 18408
70864 93692
70774 33104
69457 82153
48883 43728
48403 43448
44251 81258
53521 83332
51083 4096
43706 63418
19499 30053
14385 92276
83902 68912
59500 26669
19624 44997
39923 74988
75016 91433
8848 90659
58617 12579
49264 83761
70791 91259
5946 67645
69928 46113
25546 10840
77927 15928
69447 59024
23292 5851
95766 45049
70841 69175
21401 9890
86575 83286
40580 63078
52148 99247
25443 8433
49046 77068
40782 69693
46227 47182
9377 18671
87075 77559
16924 16408
26638 58936
68610 40301
20988 57004
82258 91072
14570 50468
57367 85330
34271 11290
21066 94790
3026 43030
27763 1868
87214 89531
7866 89678
58512 29127
20312 90723
40959 68016
92192 77222
205 71399
87885 12912
943 1016
56108 70936
86879 21470
20432 1903
78484 92071
4720 84594
60286 66587
44419 9351
55272 29821
35937 23729
28690 20645
6860 94211
45933 21404
37889 68716
31327 35495
36705 36419
12602 59784
38295 10428
23431 53186
25662 54795
24809 57384
60477 54730
42294 93006
83540 23523
3765 81363
47019 23488
12704 29922
1016 87446
27647 18068
27100 75231
29881 25009
27658 64597
19819 66526
45473 99427
65476 57384
18738 36045
36349 4656
78635 39270
67393 11137
63417 67179
45544 81600
76968 32336
13365 87216
33180 88934
15967 61702
95328 46410
4164 77429
38960 62731
77859 1218
92646 59593
80098 22690
29003 17898
3128 58111
69393 99159
72036 32437
56280 52352
62889 35918
38396 39893
14813 57445
50935 26409
77585 91810
3901 16162
49155 51707
71890 81843
61029 80547
32811 25690
80951 68077
44930 70219
36285 61815
94637 11350
54988 45158
89009 20393
86900 74143
18383 23578
99680 27892
14376 48223
45478 51252
67521 91385
55875 16193
6903 82394
59420 60488
1675 91613
82668 77563
66051 52869
83020 83606
31092 5229
66863 52907
96180 3256
99520 11650
4370 71680
78081 52631
61880 64065
36153 34908
3490 23138
95526 70962
30252 87914
59497 24007
25557 73118
43778 30263
71552 11796
18508 29909
4783 47424
83343 25479
30379 77946
96816 3329
51018 98827
6935 26604
31103 52064
2000 28754
96099 68908
92911 58336
57329 62680
79116 46251
14613 89105
68872 55468
17184 64494
60757 40137
49626 66599
67926 84184
48492 49717
8284 90747
48603 62535
41407 25243
11053 80504
72076 88327
95470 46260
47726 42545
28556 11639
57445 19013
48212 36801
25660 56704
14118 13798
72496 86914
83559 29317
43413 20692
79121 91281
39655 50134
83173 19689
33342 55818
73668 72980
24427 98783
15560 10695
47725 81047
56662 36113
85256 38869
59566 25026
82870 62316
23921 67689
84654 48777
88013 10022
72122 94290
53701 46531
14300 20836
82853 80418
48761 170
53211 72480
71711 77172
28673 65771
81958 51852
25786 65229
52210 35463
98093 69776
80811 27081
66791 80674
2056 16128
62694 75390
26638 8338
13387 66608
81122 37164
28884 7301
56419 23482
47171 46708
40128 70270
59114 12002
23475 78936
75308 83133
60333 32086
24064 96659
98081 77900
64796 85682
98638 58272
57562 59676
28643 13701
56186 1534
11409 10482
45104 98306
33327 97023
98357 65475
63312 98921
44125 57422
76032 64552
77000 2944
64777 78483
46229 62642
15474 91848
5575 12253
46281 34576
25660 67868
82357 49668
63451 16409
82008 36641
94599 14066
58773 25847
45583 76556
18141 61315
21499 14796
18001 29627
70088 3676
24270 59286
51274 8589
74624 19733
680 90838
39140 3499
90499 54896
33543 83972
27976 67902
20330 3323
2304 62443
4805 55471
47548 51900
23800 62718
48019 78203
93248 34453
50856 9012
66671 19974
32522 37597
13659 65077
67473 66009
18966 60108
45585 42974
70091 63118
88935 36839
59017 64208
72623 22987
13902 6925
11931 87945
45738 3254
81834 53865
1080 79157
74530 33690
82850 46931
82682 52882
44365 35862
23515 38917
31495 67854
97847 29297
55931 86318
52865 56616
89519 54354
21149 34179
73693 25995
60865 68284
7970 95006
54248 76632
63740 74556
74359 43689
97958 58420
21671 23648
1464 16463
40960 3149
62752 65108
20614 47160
4603 42785
94573 18608
79954 24472
13809 59239
14983 1657
52031 88072
17781 25088
61972 52033
63265 45155
13890 17536
45735 49855
80581 6250
31622 3483
14357 71194
43279 19668
67980 49645
82591 90755
36832 37170
97788 54238
29370 13922
49380 15910
72977 21365
54459 42247
43786 95412
57173 39272
77186 60130
58601 45645
5082 42004
45350 36170
23057 36268
27529 92118
62309 30051
66750 93834
63968 32022
42933 2395
13073 4431
86199 46253
39616 59395
62983 38414
15338 58853
56813 25050
83327 68087
1144 17966
47235 74221
48380 35808
97925 44523
