4000
0 0
100000 0
0 100000
100000 100000
1 1
99999 1
1 99999
99999 99999
2 2
99998 2
2 99998
99998 99998
3 3
99997 3
3 99997
99997 99997
4 4
99996 4
4 99996
99996 99996
5 5
99995 5
5 99995
99995 99995
6 6
99994 6
6 99994
99994 99994
7 7
99993 7
7 99993
99993 99993
8 8
99992 8
8 99992
99992 99992
9 9
99991 9
9 99991
99991 99991
10 10
99990 10
10 99990
99990 99990
11 11
99989 11
11 99989
99989 99989
12 12
99988 12
12 99988
99988 99988
13 13
99987 13
13 99987
99987 99987
14 14
99986 14
14 99986
99986 99986
15 15
99985 15
15 99985
99985 99985
16 16
99984 16
16 99984
99984 99984
17 17
99983 17
17 99983
99983 99983
18 18
99982 18
18 99982
99982 99982
19 19
99981 19
19 99981
99981 99981
20 20
99980 20
20 99980
99980 99980
21 21
99979 21
21 99979
99979 99979
22 22
99978 22
22 99978
99978 99978
23 23
99977 23
23 99977
99977 99977
24 24
99976 24
24 99976
99976 99976
25 25
99975 25
25 99975
99975 99975
26 26
99974 26
26 99974
99974 99974
27 27
99973 27
27 99973
99973 99973
28 28
99972 28
28 99972
99972 99972
29 29
99971 29
29 99971
99971 99971
30 30
99970 30
30 99970
99970 99970
31 31
99969 31
31 99969
99969 99969
32 32
99968 32
32 99968
99968 99968
33 33
99967 33
33 99967
99967 99967
34 34
99966 34
34 99966
99966 99966
35 35
99965 35
35 99965
99965 99965
36 36
99964 36
36 99964
99964 99964
37 37
99963 37
37 99963
99963 99963
38 38
99962 38
38 99962
99962 99962
39 39
99961 39
39 99961
99961 99961
40 40
99960 40
40 99960
99960 99960
41 41
99959 41
41 99959
99959 99959
42 42
99958 42
42 99958
99958 99958
43 43
99957 43
43 99957
99957 99957
44 44
99956 44
44 99956
99956 99956
45 45
99955 45
45 99955
99955 99955
46 46
99954 46
46 99954
99954 99954
47 47
99953 47
47 99953
99953 99953
48 48
99952 48
48 99952
99952 99952
49 49
99951 49
49 99951
99951 99951
50 50
99950 50
50 99950
99950 99950
51 51
99949 51
51 99949
99949 99949
52 52
99948 52
52 99948
99948 99948
53 53
99947 53
53 99947
99947 99947
54 54
99946 54
54 99946
99946 99946
55 55
99945 55
55 99945
99945 99945
56 56
99944 56
56 99944
99944 99944
57 57
99943 57
57 99943
99943 99943
58 58
99942 58
58 99942
99942 99942
59 59
99941 59
59 99941
99941 99941
60 60
99940 60
60 99940
99940 99940
61 61
99939 61
61 99939
99939 99939
62 62
99938 62
62 99938
99938 99938
63 63
99937 63
63 99937
99937 99937
64 64
99936 64
64 99936
99936 99936
65 65
99935 65
65 99935
99935 99935
66 66
99934 66
66 99934
99934 99934
67 67
99933 67
67 99933
99933 99933
68 68
99932 68
68 99932
99932 99932
69 69
99931 69
69 99931
99931 99931
70 70
99930 70
70 99930
99930 99930
71 71
99929 71
71 99929
99929 99929
72 72
99928 72
72 99928
99928 99928
73 73
99927 73
73 99927
99927 99927
74 74
99926 74
74 99926
99926 99926
75 75
99925 75
75 99925
99925 99925
76 76
99924 76
76 99924
99924 99924
77 77
99923 77
77 99923
99923 99923
78 78
99922 78
78 99922
99922 99922
79 79
99921 79
79 99921
99921 99921
80 80
99920 80
80 99920
99920 99920
81 81
99919 81
81 99919
99919 99919
82 82
99918 82
82 99918
99918 99918
83 83
99917 83
83 99917
99917 99917
84 84
99916 84
84 99916
99916 99916
85 85
99915 85
85 99915
99915 99915
86 86
99914 86
86 99914
99914 99914
87 87
99913 87
87 99913
99913 99913
88 88
99912 88
88 99912
99912 99912
89 89
99911 89
89 99911
99911 99911
90 90
99910 90
90 99910
99910 99910
91 91
99909 91
91 99909
99909 99909
92 92
99908 92
92 99908
99908 99908
93 93
99907 93
93 99907
99907 99907
94 94
99906 94
94 99906
99906 99906
95 95
99905 95
95 99905
99905 99905
96 96
99904 96
96 99904
99904 99904
97 97
99903 97
97 99903
99903 99903
98 98
99902 98
98 99902
99902 99902
99 99
99901 99
99 99901
99901 99901
100 100
99900 100
100 99900
99900 99900
101 101
99899 101
101 99899
99899 99899
102 102
99898 102
102 99898
99898 99898
103 103
99897 103
103 99897
99897 99897
104 104
99896 104
104 99896
99896 99896
105 105
99895 105
105 99895
99895 99895
106 106
99894 106
106 99894
99894 99894
107 107
99893 107
107 99893
99893 99893
108 108
99892 108
108 99892
99892 99892
109 109
99891 109
109 99891
99891 99891
110 110
99890 110
110 99890
99890 99890
111 111
99889 111
111 99889
99889 99889
112 112
99888 112
112 99888
99888 99888
113 113
99887 113
113 99887
99887 99887
114 114
99886 114
114 99886
99886 99886
115 115
99885 115
115 99885
99885 99885
116 116
99884 116
116 99884
99884 99884
117 117
99883 117
117 99883
99883 99883
118 118
99882 118
118 99882
99882 99882
119 119
99881 119
119 99881
99881 99881
120 120
99880 120
120 99880
99880 99880
121 121
99879 121
121 99879
99879 99879
122 122
99878 122
122 99878
99878 99878
123 123
99877 123
123 99877
99877 99877
124 124
99876 124
124 99876
99876 99876
125 125
99875 125
125 99875
99875 99875
126 126
99874 126
126 99874
99874 99874
127 127
99873 127
127 99873
99873 99873
128 128
99872 128
128 99872
99872 99872
129 129
99871 129
129 99871
99871 99871
130 130
99870 130
130 99870
99870 99870
131 131
99869 131
131 99869
99869 99869
132 132
99868 132
132 99868
99868 99868
133 133
99867 133
133 99867
99867 99867
134 134
99866 134
134 99866
99866 99866
135 135
99865 135
135 99865
99865 99865
136 136
99864 136
136 99864
99864 99864
137 137
99863 137
137 99863
99863 99863
138 138
99862 138
138 99862
99862 99862
139 139
99861 139
139 99861
99861 99861
140 140
99860 140
140 99860
99860 99860
141 141
99859 141
141 99859
99859 99859
142 142
99858 142
142 99858
99858 99858
143 143
99857 143
143 99857
99857 99857
144 144
99856 144
144 99856
99856 99856
145 145
99855 145
145 99855
99855 99855
146 146
99854 146
146 99854
99854 99854
147 147
99853 147
147 99853
99853 99853
148 148
99852 148
148 99852
99852 99852
149 149
99851 149
149 99851
99851 99851
150 150
99850 150
150 99850
99850 99850
151 151
99849 151
151 99849
99849 99849
152 152
99848 152
152 99848
99848 99848
153 153
99847 153
153 99847
99847 99847
154 154
99846 154
154 99846
99846 99846
155 155
99845 155
155 99845
99845 99845
156 156
99844 156
156 99844
99844 99844
157 157
99843 157
157 99843
99843 99843
158 158
99842 158
158 99842
99842 99842
159 159
99841 159
159 99841
99841 99841
160 160
99840 160
160 99840
99840 99840
161 161
99839 161
161 99839
99839 99839
162 162
99838 162
162 99838
99838 99838
163 163
99837 163
163 99837
99837 99837
164 164
99836 164
164 99836
99836 99836
165 165
99835 165
165 99835
99835 99835
166 166
99834 166
166 99834
99834 99834
167 167
99833 167
167 99833
99833 99833
168 168
99832 168
168 99832
99832 99832
169 169
99831 169
169 99831
99831 99831
170 170
99830 170
170 99830
99830 99830
171 171
99829 171
171 99829
99829 99829
172 172
99828 172
172 99828
99828 99828
173 173
99827 173
173 99827
99827 99827
174 174
99826 174
174 99826
99826 99826
175 175
99825 175
175 99825
99825 99825
176 176
99824 176
176 99824
99824 99824
177 177
99823 177
177 99823
99823 99823
178 178
99822 178
178 99822
99822 99822
179 179
99821 179
179 99821
99821 99821
180 180
99820 180
180 99820
99820 99820
181 181
99819 181
181 99819
99819 99819
182 182
99818 182
182 99818
99818 99818
183 183
99817 183
183 99817
99817 99817
184 184
99816 184
184 99816
99816 99816
185 185
99815 185
185 99815
99815 99815
186 186
99814 186
186 99814
99814 99814
187 187
99813 187
187 99813
99813 99813
188 188
99812 188
188 99812
99812 99812
189 189
99811 189
189 99811
99811 99811
190 190
99810 190
190 99810
99810 99810
191 191
99809 191
191 99809
99809 99809
192 192
99808 192
192 99808
99808 99808
193 193
99807 193
193 99807
99807 99807
194 194
99806 194
194 99806
99806 99806
195 195
99805 195
195 99805
99805 99805
196 196
99804 196
196 99804
99804 99804
197 197
99803 197
197 99803
99803 99803
198 198
99802 198
198 99802
99802 99802
199 199
99801 199
199 99801
99801 99801
200 200
99800 200
200 99800
99800 99800
201 201
99799 201
201 99799
99799 99799
202 202
99798 202
202 99798
99798 99798
203 203
99797 203
203 99797
99797 99797
204 204
99796 204
204 99796
99796 99796
205 205
99795 205
205 99795
99795 99795
206 206
99794 206
206 99794
99794 99794
207 207
99793 207
207 99793
99793 99793
208 208
99792 208
208 99792
99792 99792
209 209
99791 209
209 99791
99791 99791
210 210
99790 210
210 99790
99790 99790
211 211
99789 211
211 99789
99789 99789
212 212
99788 212
212 99788
99788 99788
213 213
99787 213
213 99787
99787 99787
214 214
99786 214
214 99786
99786 99786
215 215
99785 215
215 99785
99785 99785
216 216
99784 216
216 99784
99784 99784
217 217
99783 217
217 99783
99783 99783
218 218
99782 218
218 99782
99782 99782
219 219
99781 219
219 99781
99781 99781
220 220
99780 220
220 99780
99780 99780
221 221
99779 221
221 99779
99779 99779
222 222
99778 222
222 99778
99778 99778
223 223
99777 223
223 99777
99777 99777
224 224
99776 224
224 99776
99776 99776
225 225
99775 225
225 99775
99775 99775
226 226
99774 226
226 99774
99774 99774
227 227
99773 227
227 99773
99773 99773
228 228
99772 228
228 99772
99772 99772
229 229
99771 229
229 99771
99771 99771
230 230
99770 230
230 99770
99770 99770
231 231
99769 231
231 99769
99769 99769
232 232
99768 232
232 99768
99768 99768
233 233
99767 233
233 99767
99767 99767
234 234
99766 234
234 99766
99766 99766
235 235
99765 235
235 99765
99765 99765
236 236
99764 236
236 99764
99764 99764
237 237
99763 237
237 99763
99763 99763
238 238
99762 238
238 99762
99762 99762
239 239
99761 239
239 99761
99761 99761
240 240
99760 240
240 99760
99760 99760
241 241
99759 241
241 99759
99759 99759
242 242
99758 242
242 99758
99758 99758
243 243
99757 243
243 99757
99757 99757
244 244
99756 244
244 99756
99756 99756
245 245
99755 245
245 99755
99755 99755
246 246
99754 246
246 99754
99754 99754
247 247
99753 247
247 99753
99753 99753
248 248
99752 248
248 99752
99752 99752
249 249
99751 249
249 99751
99751 99751
250 250
99750 250
250 99750
99750 99750
251 251
99749 251
251 99749
99749 99749
252 252
99748 252
252 99748
99748 99748
253 253
99747 253
253 99747
99747 99747
254 254
99746 254
254 99746
99746 99746
255 255
99745 255
255 99745
99745 99745
256 256
99744 256
256 99744
99744 99744
257 257
99743 257
257 99743
99743 99743
258 258
99742 258
258 99742
99742 99742
259 259
99741 259
259 99741
99741 99741
260 260
99740 260
260 99740
99740 99740
261 261
99739 261
261 99739
99739 99739
262 262
99738 262
262 99738
99738 99738
263 263
99737 263
263 99737
99737 99737
264 264
99736 264
264 99736
99736 99736
265 265
99735 265
265 99735
99735 99735
266 266
99734 266
266 99734
99734 99734
267 267
99733 267
267 99733
99733 99733
268 268
99732 268
268 99732
99732 99732
269 269
99731 269
269 99731
99731 99731
270 270
99730 270
270 99730
99730 99730
271 271
99729 271
271 99729
99729 99729
272 272
99728 272
272 99728
99728 99728
273 273
99727 273
273 99727
99727 99727
274 274
99726 274
274 99726
99726 99726
275 275
99725 275
275 99725
99725 99725
276 276
99724 276
276 99724
99724 99724
277 277
99723 277
277 99723
99723 99723
278 278
99722 278
278 99722
99722 99722
279 279
99721 279
279 99721
99721 99721
280 280
99720 280
280 99720
99720 99720
281 281
99719 281
281 99719
99719 99719
282 282
99718 282
282 99718
99718 99718
283 283
99717 283
283 99717
99717 99717
284 284
99716 284
284 99716
99716 99716
285 285
99715 285
285 99715
99715 99715
286 286
99714 286
286 99714
99714 99714
287 287
99713 287
287 99713
99713 99713
288 288
99712 288
288 99712
99712 99712
289 289
99711 289
289 99711
99711 99711
290 290
99710 290
290 99710
99710 99710
291 291
99709 291
291 99709
99709 99709
292 292
99708 292
292 99708
99708 99708
293 293
99707 293
293 99707
99707 99707
294 294
99706 294
294 99706
99706 99706
295 295
99705 295
295 99705
99705 99705
296 296
99704 296
296 99704
99704 99704
297 297
99703 297
297 99703
99703 99703
298 298
99702 298
298 99702
99702 99702
299 299
99701 299
299 99701
99701 99701
300 300
99700 300
300 99700
99700 99700
301 301
99699 301
301 99699
99699 99699
302 302
99698 302
302 99698
99698 99698
303 303
99697 303
303 99697
99697 99697
304 304
99696 304
304 99696
99696 99696
305 305
99695 305
305 99695
99695 99695
306 306
99694 306
306 99694
99694 99694
307 307
99693 307
307 99693
99693 99693
308 308
99692 308
308 99692
99692 99692
309 309
99691 309
309 99691
99691 99691
310 310
99690 310
310 99690
99690 99690
311 311
99689 311
311 99689
99689 99689
312 312
99688 312
312 99688
99688 99688
313 313
99687 313
313 99687
99687 99687
314 314
99686 314
314 99686
99686 99686
315 315
99685 315
315 99685
99685 99685
316 316
99684 316
316 99684
99684 99684
317 317
99683 317
317 99683
99683 99683
318 318
99682 318
318 99682
99682 99682
319 319
99681 319
319 99681
99681 99681
320 320
99680 320
320 99680
99680 99680
321 321
99679 321
321 99679
99679 99679
322 322
99678 322
322 99678
99678 99678
323 323
99677 323
323 99677
99677 99677
324 324
99676 324
324 99676
99676 99676
325 325
99675 325
325 99675
99675 99675
326 326
99674 326
326 99674
99674 99674
327 327
99673 327
327 99673
99673 99673
328 328
99672 328
328 99672
99672 99672
329 329
99671 329
329 99671
99671 99671
330 330
99670 330
330 99670
99670 99670
331 331
99669 331
331 99669
99669 99669
332 332
99668 332
332 99668
99668 99668
333 333
99667 333
333 99667
99667 99667
334 334
99666 334
334 99666
99666 99666
335 335
99665 335
335 99665
99665 99665
336 336
99664 336
336 99664
99664 99664
337 337
99663 337
337 99663
99663 99663
338 338
99662 338
338 99662
99662 99662
339 339
99661 339
339 99661
99661 99661
340 340
99660 340
340 99660
99660 99660
341 341
99659 341
341 99659
99659 99659
342 342
99658 342
342 99658
99658 99658
343 343
99657 343
343 99657
99657 99657
344 344
99656 344
344 99656
99656 99656
345 345
99655 345
345 99655
99655 99655
346 346
99654 346
346 99654
99654 99654
347 347
99653 347
347 99653
99653 99653
348 348
99652 348
348 99652
99652 99652
349 349
99651 349
349 99651
99651 99651
350 350
99650 350
350 99650
99650 99650
351 351
99649 351
351 99649
99649 99649
352 352
99648 352
352 99648
99648 99648
353 353
99647 353
353 99647
99647 99647
354 354
99646 354
354 99646
99646 99646
355 355
99645 355
355 99645
99645 99645
356 356
99644 356
356 99644
99644 99644
357 357
99643 357
357 99643
99643 99643
358 358
99642 358
358 99642
99642 99642
359 359
99641 359
359 99641
99641 99641
360 360
99640 360
360 99640
99640 99640
361 361
99639 361
361 99639
99639 99639
362 362
99638 362
362 99638
99638 99638
363 363
99637 363
363 99637
99637 99637
364 364
99636 364
364 99636
99636 99636
365 365
99635 365
365 99635
99635 99635
366 366
99634 366
366 99634
99634 99634
367 367
99633 367
367 99633
99633 99633
368 368
99632 368
368 99632
99632 99632
369 369
99631 369
369 99631
99631 99631
370 370
99630 370
370 99630
99630 99630
371 371
99629 371
371 99629
99629 99629
372 372
99628 372
372 99628
99628 99628
373 373
99627 373
373 99627
99627 99627
374 374
99626 374
374 99626
99626 99626
375 375
99625 375
375 99625
99625 99625
376 376
99624 376
376 99624
99624 99624
377 377
99623 377
377 99623
99623 99623
378 378
99622 378
378 99622
99622 99622
379 379
99621 379
379 99621
99621 99621
380 380
99620 380
380 99620
99620 99620
381 381
99619 381
381 99619
99619 99619
382 382
99618 382
382 99618
99618 99618
383 383
99617 383
383 99617
99617 99617
384 384
99616 384
384 99616
99616 99616
385 385
99615 385
385 99615
99615 99615
386 386
99614 386
386 99614
99614 99614
387 387
99613 387
387 99613
99613 99613
388 388
99612 388
388 99612
99612 99612
389 389
99611 389
389 99611
99611 99611
390 390
99610 390
390 99610
99610 99610
391 391
99609 391
391 99609
99609 99609
392 392
99608 392
392 99608
99608 99608
393 393
99607 393
393 99607
99607 99607
394 394
99606 394
394 99606
99606 99606
395 395
99605 395
395 99605
99605 99605
396 396
99604 396
396 99604
99604 99604
397 397
99603 397
397 99603
99603 99603
398 398
99602 398
398 99602
99602 99602
399 399
99601 399
399 99601
99601 99601
400 400
99600 400
400 99600
99600 99600
401 401
99599 401
401 99599
99599 99599
402 402
99598 402
402 99598
99598 99598
403 403
99597 403
403 99597
99597 99597
404 404
99596 404
404 99596
99596 99596
405 405
99595 405
405 99595
99595 99595
406 406
99594 406
406 99594
99594 99594
407 407
99593 407
407 99593
99593 99593
408 408
99592 408
408 99592
99592 99592
409 409
99591 409
409 99591
99591 99591
410 410
99590 410
410 99590
99590 99590
411 411
99589 411
411 99589
99589 99589
412 412
99588 412
412 99588
99588 99588
413 413
99587 413
413 99587
99587 99587
414 414
99586 414
414 99586
99586 99586
415 415
99585 415
415 99585
99585 99585
416 416
99584 416
416 99584
99584 99584
417 417
99583 417
417 99583
99583 99583
418 418
99582 418
418 99582
99582 99582
419 419
99581 419
419 99581
99581 99581
420 420
99580 420
420 99580
99580 99580
421 421
99579 421
421 99579
99579 99579
422 422
99578 422
422 99578
99578 99578
423 423
99577 423
423 99577
99577 99577
424 424
99576 424
424 99576
99576 99576
425 425
99575 425
425 99575
99575 99575
426 426
99574 426
426 99574
99574 99574
427 427
99573 427
427 99573
99573 99573
428 428
99572 428
428 99572
99572 99572
429 429
99571 429
429 99571
99571 99571
430 430
99570 430
430 99570
99570 99570
431 431
99569 431
431 99569
99569 99569
432 432
99568 432
432 99568
99568 99568
433 433
99567 433
433 99567
99567 99567
434 434
99566 434
434 99566
99566 99566
435 435
99565 435
435 99565
99565 99565
436 436
99564 436
436 99564
99564 99564
437 437
99563 437
437 99563
99563 99563
438 438
99562 438
438 99562
99562 99562
439 439
99561 439
439 99561
99561 99561
440 440
99560 440
440 99560
99560 99560
441 441
99559 441
441 99559
99559 99559
442 442
99558 442
442 99558
99558 99558
443 443
99557 443
443 99557
99557 99557
444 444
99556 444
444 99556
99556 99556
445 445
99555 445
445 99555
99555 99555
446 446
99554 446
446 99554
99554 99554
447 447
99553 447
447 99553
99553 99553
448 448
99552 448
448 99552
99552 99552
449 449
99551 449
449 99551
99551 99551
450 450
99550 450
450 99550
99550 99550
451 451
99549 451
451 99549
99549 99549
452 452
99548 452
452 99548
99548 99548
453 453
99547 453
453 99547
99547 99547
454 454
99546 454
454 99546
99546 99546
455 455
99545 455
455 99545
99545 99545
456 456
99544 456
456 99544
99544 99544
457 457
99543 457
457 99543
99543 99543
458 458
99542 458
458 99542
99542 99542
459 459
99541 459
459 99541
99541 99541
460 460
99540 460
460 99540
99540 99540
461 461
99539 461
461 99539
99539 99539
462 462
99538 462
462 99538
99538 99538
463 463
99537 463
463 99537
99537 99537
464 464
99536 464
464 99536
99536 99536
465 465
99535 465
465 99535
99535 99535
466 466
99534 466
466 99534
99534 99534
467 467
99533 467
467 99533
99533 99533
468 468
99532 468
468 99532
99532 99532
469 469
99531 469
469 99531
99531 99531
470 470
99530 470
470 99530
99530 99530
471 471
99529 471
471 99529
99529 99529
472 472
99528 472
472 99528
99528 99528
473 473
99527 473
473 99527
99527 99527
474 474
99526 474
474 99526
99526 99526
475 475
99525 475
475 99525
99525 99525
476 476
99524 476
476 99524
99524 99524
477 477
99523 477
477 99523
99523 99523
478 478
99522 478
478 99522
99522 99522
479 479
99521 479
479 99521
99521 99521
480 480
99520 480
480 99520
99520 99520
481 481
99519 481
481 99519
99519 99519
482 482
99518 482
482 99518
99518 99518
483 483
99517 483
483 99517
99517 99517
484 484
99516 484
484 99516
99516 99516
485 485
99515 485
485 99515
99515 99515
486 486
99514 486
486 99514
99514 99514
487 487
99513 487
487 99513
99513 99513
488 488
99512 488
488 99512
99512 99512
489 489
99511 489
489 99511
99511 99511
490 490
99510 490
490 99510
99510 99510
491 491
99509 491
491 99509
99509 99509
492 492
99508 492
492 99508
99508 99508
493 493
99507 493
493 99507
99507 99507
494 494
99506 494
494 99506
99506 99506
495 495
99505 495
495 99505
99505 99505
496 496
99504 496
496 99504
99504 99504
497 497
99503 497
497 99503
99503 99503
498 498
99502 498
498 99502
99502 99502
499 499
99501 499
499 99501
99501 99501
500 500
99500 500
500 99500
99500 99500
501 501
99499 501
501 99499
99499 99499
502 502
99498 502
502 99498
99498 99498
503 503
99497 503
503 99497
99497 99497
504 504
99496 504
504 99496
99496 99496
505 505
99495 505
505 99495
99495 99495
506 506
99494 506
506 99494
99494 99494
507 507
99493 507
507 99493
99493 99493
508 508
99492 508
508 99492
99492 99492
509 509
99491 509
509 99491
99491 99491
510 510
99490 510
510 99490
99490 99490
511 511
99489 511
511 99489
99489 99489
512 512
99488 512
512 99488
99488 99488
513 513
99487 513
513 99487
99487 99487
514 514
99486 514
514 99486
99486 99486
515 515
99485 515
515 99485
99485 99485
516 516
99484 516
516 99484
99484 99484
517 517
99483 517
517 99483
99483 99483
518 518
99482 518
518 99482
99482 99482
519 519
99481 519
519 99481
99481 99481
520 520
99480 520
520 99480
99480 99480
521 521
99479 521
521 99479
99479 99479
522 522
99478 522
522 99478
99478 99478
523 523
99477 523
523 99477
99477 99477
524 524
99476 524
524 99476
99476 99476
525 525
99475 525
525 99475
99475 99475
526 526
99474 526
526 99474
99474 99474
527 527
99473 527
527 99473
99473 99473
528 528
99472 528
528 99472
99472 99472
529 529
99471 529
529 99471
99471 99471
530 530
99470 530
530 99470
99470 99470
531 531
99469 531
531 99469
99469 99469
532 532
99468 532
532 99468
99468 99468
533 533
99467 533
533 99467
99467 99467
534 534
99466 534
534 99466
99466 99466
535 535
99465 535
535 99465
99465 99465
536 536
99464 536
536 99464
99464 99464
537 537
99463 537
537 99463
99463 99463
538 538
99462 538
538 99462
99462 99462
539 539
99461 539
539 99461
99461 99461
540 540
99460 540
540 99460
99460 99460
541 541
99459 541
541 99459
99459 99459
542 542
99458 542
542 99458
99458 99458
543 543
99457 543
543 99457
99457 99457
544 544
99456 544
544 99456
99456 99456
545 545
99455 545
545 99455
99455 99455
546 546
99454 546
546 99454
99454 99454
547 547
99453 547
547 99453
99453 99453
548 548
99452 548
548 99452
99452 99452
549 549
99451 549
549 99451
99451 99451
550 550
99450 550
550 99450
99450 99450
551 551
99449 551
551 99449
99449 99449
552 552
99448 552
552 99448
99448 99448
553 553
99447 553
553 99447
99447 99447
554 554
99446 554
554 99446
99446 99446
555 555
99445 555
555 99445
99445 99445
556 556
99444 556
556 99444
99444 99444
557 557
99443 557
557 99443
99443 99443
558 558
99442 558
558 99442
99442 99442
559 559
99441 559
559 99441
99441 99441
560 560
99440 560
560 99440
99440 99440
561 561
99439 561
561 99439
99439 99439
562 562
99438 562
562 99438
99438 99438
563 563
99437 563
563 99437
99437 99437
564 564
99436 564
564 99436
99436 99436
565 565
99435 565
565 99435
99435 99435
566 566
99434 566
566 99434
99434 99434
567 567
99433 567
567 99433
99433 99433
568 568
99432 568
568 99432
99432 99432
569 569
99431 569
569 99431
99431 99431
570 570
99430 570
570 99430
99430 99430
571 571
99429 571
571 99429
99429 99429
572 572
99428 572
572 99428
99428 99428
573 573
99427 573
573 99427
99427 99427
574 574
99426 574
574 99426
99426 99426
575 575
99425 575
575 99425
99425 99425
576 576
99424 576
576 99424
99424 99424
577 577
99423 577
577 99423
99423 99423
578 578
99422 578
578 99422
99422 99422
579 579
99421 579
579 99421
99421 99421
580 580
99420 580
580 99420
99420 99420
581 581
99419 581
581 99419
99419 99419
582 582
99418 582
582 99418
99418 99418
583 583
99417 583
583 99417
99417 99417
584 584
99416 584
584 99416
99416 99416
585 585
99415 585
585 99415
99415 99415
586 586
99414 586
586 99414
99414 99414
587 587
99413 587
587 99413
99413 99413
588 588
99412 588
588 99412
99412 99412
589 589
99411 589
589 99411
99411 99411
590 590
99410 590
590 99410
99410 99410
591 591
99409 591
591 99409
99409 99409
592 592
99408 592
592 99408
99408 99408
593 593
99407 593
593 99407
99407 99407
594 594
99406 594
594 99406
99406 99406
595 595
99405 595
595 99405
99405 99405
596 596
99404 596
596 99404
99404 99404
597 597
99403 597
597 99403
99403 99403
598 598
99402 598
598 99402
99402 99402
599 599
99401 599
599 99401
99401 99401
600 600
99400 600
600 99400
99400 99400
601 601
99399 601
601 99399
99399 99399
602 602
99398 602
602 99398
99398 99398
603 603
99397 603
603 99397
99397 99397
604 604
99396 604
604 99396
99396 99396
605 605
99395 605
605 99395
99395 99395
606 606
99394 606
606 99394
99394 99394
607 607
99393 607
607 99393
99393 99393
608 608
99392 608
608 99392
99392 99392
609 609
99391 609
609 99391
99391 99391
610 610
99390 610
610 99390
99390 99390
611 611
99389 611
611 99389
99389 99389
612 612
99388 612
612 99388
99388 99388
613 613
99387 613
613 99387
99387 99387
614 614
99386 614
614 99386
99386 99386
615 615
99385 615
615 99385
99385 99385
616 616
99384 616
616 99384
99384 99384
617 617
99383 617
617 99383
99383 99383
618 618
99382 618
618 99382
99382 99382
619 619
99381 619
619 99381
99381 99381
620 620
99380 620
620 99380
99380 99380
621 621
99379 621
621 99379
99379 99379
622 622
99378 622
622 99378
99378 99378
623 623
99377 623
623 99377
99377 99377
624 624
99376 624
624 99376
99376 99376
625 625
99375 625
625 99375
99375 99375
626 626
99374 626
626 99374
99374 99374
627 627
99373 627
627 99373
99373 99373
628 628
99372 628
628 99372
99372 99372
629 629
99371 629
629 99371
99371 99371
630 630
99370 630
630 99370
99370 99370
631 631
99369 631
631 99369
99369 99369
632 632
99368 632
632 99368
99368 99368
633 633
99367 633
633 99367
99367 99367
634 634
99366 634
634 99366
99366 99366
635 635
99365 635
635 99365
99365 99365
636 636
99364 636
636 99364
99364 99364
637 637
99363 637
637 99363
99363 99363
638 638
99362 638
638 99362
99362 99362
639 639
99361 639
639 99361
99361 99361
640 640
99360 640
640 99360
99360 99360
641 641
99359 641
641 99359
99359 99359
642 642
99358 642
642 99358
99358 99358
643 643
99357 643
643 99357
99357 99357
644 644
99356 644
644 99356
99356 99356
645 645
99355 645
645 99355
99355 99355
646 646
99354 646
646 99354
99354 99354
647 647
99353 647
647 99353
99353 99353
648 648
99352 648
648 99352
99352 99352
649 649
99351 649
649 99351
99351 99351
650 650
99350 650
650 99350
99350 99350
651 651
99349 651
651 99349
99349 99349
652 652
99348 652
652 99348
99348 99348
653 653
99347 653
653 99347
99347 99347
654 654
99346 654
654 99346
99346 99346
655 655
99345 655
655 99345
99345 99345
656 656
99344 656
656 99344
99344 99344
657 657
99343 657
657 99343
99343 99343
658 658
99342 658
658 99342
99342 99342
659 659
99341 659
659 99341
99341 99341
660 660
99340 660
660 99340
99340 99340
661 661
99339 661
661 99339
99339 99339
662 662
99338 662
662 99338
99338 99338
663 663
99337 663
663 99337
99337 99337
664 664
99336 664
664 99336
99336 99336
665 665
99335 665
665 99335
99335 99335
666 666
99334 666
666 99334
99334 99334
667 667
99333 667
667 99333
99333 99333
668 668
99332 668
668 99332
99332 99332
669 669
99331 669
669 99331
99331 99331
670 670
99330 670
670 99330
99330 99330
671 671
99329 671
671 99329
99329 99329
672 672
99328 672
672 99328
99328 99328
673 673
99327 673
673 99327
99327 99327
674 674
99326 674
674 99326
99326 99326
675 675
99325 675
675 99325
99325 99325
676 676
99324 676
676 99324
99324 99324
677 677
99323 677
677 99323
99323 99323
678 678
99322 678
678 99322
99322 99322
679 679
99321 679
679 99321
99321 99321
680 680
99320 680
680 99320
99320 99320
681 681
99319 681
681 99319
99319 99319
682 682
99318 682
682 99318
99318 99318
683 683
99317 683
683 99317
99317 99317
684 684
99316 684
684 99316
99316 99316
685 685
99315 685
685 99315
99315 99315
686 686
99314 686
686 99314
99314 99314
687 687
99313 687
687 99313
99313 99313
688 688
99312 688
688 99312
99312 99312
689 689
99311 689
689 99311
99311 99311
690 690
99310 690
690 99310
99310 99310
691 691
99309 691
691 99309
99309 99309
692 692
99308 692
692 99308
99308 99308
693 693
99307 693
693 99307
99307 99307
694 694
99306 694
694 99306
99306 99306
695 695
99305 695
695 99305
99305 99305
696 696
99304 696
696 99304
99304 99304
697 697
99303 697
697 99303
99303 99303
698 698
99302 698
698 99302
99302 99302
699 699
99301 699
699 99301
99301 99301
700 700
99300 700
700 99300
99300 99300
701 701
99299 701
701 99299
99299 99299
702 702
99298 702
702 99298
99298 99298
703 703
99297 703
703 99297
99297 99297
704 704
99296 704
704 99296
99296 99296
705 705
99295 705
705 99295
99295 99295
706 706
99294 706
706 99294
99294 99294
707 707
99293 707
707 99293
99293 99293
708 708
99292 708
708 99292
99292 99292
709 709
99291 709
709 99291
99291 99291
710 710
99290 710
710 99290
99290 99290
711 711
99289 711
711 99289
99289 99289
712 712
99288 712
712 99288
99288 99288
713 713
99287 713
713 99287
99287 99287
714 714
99286 714
714 99286
99286 99286
715 715
99285 715
715 99285
99285 99285
716 716
99284 716
716 99284
99284 99284
717 717
99283 717
717 99283
99283 99283
718 718
99282 718
718 99282
99282 99282
719 719
99281 719
719 99281
99281 99281
720 720
99280 720
720 99280
99280 99280
721 721
99279 721
721 99279
99279 99279
722 722
99278 722
722 99278
99278 99278
723 723
99277 723
723 99277
99277 99277
724 724
99276 724
724 99276
99276 99276
725 725
99275 725
725 99275
99275 99275
726 726
99274 726
726 99274
99274 99274
727 727
99273 727
727 99273
99273 99273
728 728
99272 728
728 99272
99272 99272
729 729
99271 729
729 99271
99271 99271
730 730
99270 730
730 99270
99270 99270
731 731
99269 731
731 99269
99269 99269
732 732
99268 732
732 99268
99268 99268
733 733
99267 733
733 99267
99267 99267
734 734
99266 734
734 99266
99266 99266
735 735
99265 735
735 99265
99265 99265
736 736
99264 736
736 99264
99264 99264
737 737
99263 737
737 99263
99263 99263
738 738
99262 738
738 99262
99262 99262
739 739
99261 739
739 99261
99261 99261
740 740
99260 740
740 99260
99260 99260
741 741
99259 741
741 99259
99259 99259
742 742
99258 742
742 99258
99258 99258
743 743
99257 743
743 99257
99257 99257
744 744
99256 744
744 99256
99256 99256
745 745
99255 745
745 99255
99255 99255
746 746
99254 746
746 99254
99254 99254
747 747
99253 747
747 99253
99253 99253
748 748
99252 748
748 99252
99252 99252
749 749
99251 749
749 99251
99251 99251
750 750
99250 750
750 99250
99250 99250
751 751
99249 751
751 99249
99249 99249
752 752
99248 752
752 99248
99248 99248
753 753
99247 753
753 99247
99247 99247
754 754
99246 754
754 99246
99246 99246
755 755
99245 755
755 99245
99245 99245
756 756
99244 756
756 99244
99244 99244
757 757
99243 757
757 99243
99243 99243
758 758
99242 758
758 99242
99242 99242
759 759
99241 759
759 99241
99241 99241
760 760
99240 760
760 99240
99240 99240
761 761
99239 761
761 99239
99239 99239
762 762
99238 762
762 99238
99238 99238
763 763
99237 763
763 99237
99237 99237
764 764
99236 764
764 99236
99236 99236
765 765
99235 765
765 99235
99235 99235
766 766
99234 766
766 99234
99234 99234
767 767
99233 767
767 99233
99233 99233
768 768
99232 768
768 99232
99232 99232
769 769
99231 769
769 99231
99231 99231
770 770
99230 770
770 99230
99230 99230
771 771
99229 771
771 99229
99229 99229
772 772
99228 772
772 99228
99228 99228
773 773
99227 773
773 99227
99227 99227
774 774
99226 774
774 99226
99226 99226
775 775
99225 775
775 99225
99225 99225
776 776
99224 776
776 99224
99224 99224
777 777
99223 777
777 99223
99223 99223
778 778
99222 778
778 99222
99222 99222
779 779
99221 779
779 99221
99221 99221
780 780
99220 780
780 99220
99220 99220
781 781
99219 781
781 99219
99219 99219
782 782
99218 782
782 99218
99218 99218
783 783
99217 783
783 99217
99217 99217
784 784
99216 784
784 99216
99216 99216
785 785
99215 785
785 99215
99215 99215
786 786
99214 786
786 99214
99214 99214
787 787
99213 787
787 99213
99213 99213
788 788
99212 788
788 99212
99212 99212
789 789
99211 789
789 99211
99211 99211
790 790
99210 790
790 99210
99210 99210
791 791
99209 791
791 99209
99209 99209
792 792
99208 792
792 99208
99208 99208
793 793
99207 793
793 99207
99207 99207
794 794
99206 794
794 99206
99206 99206
795 795
99205 795
795 99205
99205 99205
796 796
99204 796
796 99204
99204 99204
797 797
99203 797
797 99203
99203 99203
798 798
99202 798
798 99202
99202 99202
799 799
99201 799
799 99201
99201 99201
800 800
99200 800
800 99200
99200 99200
801 801
99199 801
801 99199
99199 99199
802 802
99198 802
802 99198
99198 99198
803 803
99197 803
803 99197
99197 99197
804 804
99196 804
804 99196
99196 99196
805 805
99195 805
805 99195
99195 99195
806 806
99194 806
806 99194
99194 99194
807 807
99193 807
807 99193
99193 99193
808 808
99192 808
808 99192
99192 99192
809 809
99191 809
809 99191
99191 99191
810 810
99190 810
810 99190
99190 99190
811 811
99189 811
811 99189
99189 99189
812 812
99188 812
812 99188
99188 99188
813 813
99187 813
813 99187
99187 99187
814 814
99186 814
814 99186
99186 99186
815 815
99185 815
815 99185
99185 99185
816 816
99184 816
816 99184
99184 99184
817 817
99183 817
817 99183
99183 99183
818 818
99182 818
818 99182
99182 99182
819 819
99181 819
819 99181
99181 99181
820 820
99180 820
820 99180
99180 99180
821 821
99179 821
821 99179
99179 99179
822 822
99178 822
822 99178
99178 99178
823 823
99177 823
823 99177
99177 99177
824 824
99176 824
824 99176
99176 99176
825 825
99175 825
825 99175
99175 99175
826 826
99174 826
826 99174
99174 99174
827 827
99173 827
827 99173
99173 99173
828 828
99172 828
828 99172
99172 99172
829 829
99171 829
829 99171
99171 99171
830 830
99170 830
830 99170
99170 99170
831 831
99169 831
831 99169
99169 99169
832 832
99168 832
832 99168
99168 99168
833 833
99167 833
833 99167
99167 99167
834 834
99166 834
834 99166
99166 99166
835 835
99165 835
835 99165
99165 99165
836 836
99164 836
836 99164
99164 99164
837 837
99163 837
837 99163
99163 99163
838 838
99162 838
838 99162
99162 99162
839 839
99161 839
839 99161
99161 99161
840 840
99160 840
840 99160
99160 99160
841 841
99159 841
841 99159
99159 99159
842 842
99158 842
842 99158
99158 99158
843 843
99157 843
843 99157
99157 99157
844 844
99156 844
844 99156
99156 99156
845 845
99155 845
845 99155
99155 99155
846 846
99154 846
846 99154
99154 99154
847 847
99153 847
847 99153
99153 99153
848 848
99152 848
848 99152
99152 99152
849 849
99151 849
849 99151
99151 99151
850 850
99150 850
850 99150
99150 99150
851 851
99149 851
851 99149
99149 99149
852 852
99148 852
852 99148
99148 99148
853 853
99147 853
853 99147
99147 99147
854 854
99146 854
854 99146
99146 99146
855 855
99145 855
855 99145
99145 99145
856 856
99144 856
856 99144
99144 99144
857 857
99143 857
857 99143
99143 99143
858 858
99142 858
858 99142
99142 99142
859 859
99141 859
859 99141
99141 99141
860 860
99140 860
860 99140
99140 99140
861 861
99139 861
861 99139
99139 99139
862 862
99138 862
862 99138
99138 99138
863 863
99137 863
863 99137
99137 99137
864 864
99136 864
864 99136
99136 99136
865 865
99135 865
865 99135
99135 99135
866 866
99134 866
866 99134
99134 99134
867 867
99133 867
867 99133
99133 99133
868 868
99132 868
868 99132
99132 99132
869 869
99131 869
869 99131
99131 99131
870 870
99130 870
870 99130
99130 99130
871 871
99129 871
871 99129
99129 99129
872 872
99128 872
872 99128
99128 99128
873 873
99127 873
873 99127
99127 99127
874 874
99126 874
874 99126
99126 99126
875 875
99125 875
875 99125
99125 99125
876 876
99124 876
876 99124
99124 99124
877 877
99123 877
877 99123
99123 99123
878 878
99122 878
878 99122
99122 99122
879 879
99121 879
879 99121
99121 99121
880 880
99120 880
880 99120
99120 99120
881 881
99119 881
881 99119
99119 99119
882 882
99118 882
882 99118
99118 99118
883 883
99117 883
883 99117
99117 99117
884 884
99116 884
884 99116
99116 99116
885 885
99115 885
885 99115
99115 99115
886 886
99114 886
886 99114
99114 99114
887 887
99113 887
887 99113
99113 99113
888 888
99112 888
888 99112
99112 99112
889 889
99111 889
889 99111
99111 99111
890 890
99110 890
890 99110
99110 99110
891 891
99109 891
891 99109
99109 99109
892 892
99108 892
892 99108
99108 99108
893 893
99107 893
893 99107
99107 99107
894 894
99106 894
894 99106
99106 99106
895 895
99105 895
895 99105
99105 99105
896 896
99104 896
896 99104
99104 99104
897 897
99103 897
897 99103
99103 99103
898 898
99102 898
898 99102
99102 99102
899 899
99101 899
899 99101
99101 99101
900 900
99100 900
900 99100
99100 99100
901 901
99099 901
901 99099
99099 99099
902 902
99098 902
902 99098
99098 99098
903 903
99097 903
903 99097
99097 99097
904 904
99096 904
904 99096
99096 99096
905 905
99095 905
905 99095
99095 99095
906 906
99094 906
906 99094
99094 99094
907 907
99093 907
907 99093
99093 99093
908 908
99092 908
908 99092
99092 99092
909 909
99091 909
909 99091
99091 99091
910 910
99090 910
910 99090
99090 99090
911 911
99089 911
911 99089
99089 99089
912 912
99088 912
912 99088
99088 99088
913 913
99087 913
913 99087
99087 99087
914 914
99086 914
914 99086
99086 99086
915 915
99085 915
915 99085
99085 99085
916 916
99084 916
916 99084
99084 99084
917 917
99083 917
917 99083
99083 99083
918 918
99082 918
918 99082
99082 99082
919 919
99081 919
919 99081
99081 99081
920 920
99080 920
920 99080
99080 99080
921 921
99079 921
921 99079
99079 99079
922 922
99078 922
922 99078
99078 99078
923 923
99077 923
923 99077
99077 99077
924 924
99076 924
924 99076
99076 99076
925 925
99075 925
925 99075
99075 99075
926 926
99074 926
926 99074
99074 99074
927 927
99073 927
927 99073
99073 99073
928 928
99072 928
928 99072
99072 99072
929 929
99071 929
929 99071
99071 99071
930 930
99070 930
930 99070
99070 99070
931 931
99069 931
931 99069
99069 99069
932 932
99068 932
932 99068
99068 99068
933 933
99067 933
933 99067
99067 99067
934 934
99066 934
934 99066
99066 99066
935 935
99065 935
935 99065
99065 99065
936 936
99064 936
936 99064
99064 99064
937 937
99063 937
937 99063
99063 99063
938 938
99062 938
938 99062
99062 99062
939 939
99061 939
939 99061
99061 99061
940 940
99060 940
940 99060
99060 99060
941 941
99059 941
941 99059
99059 99059
942 942
99058 942
942 99058
99058 99058
943 943
99057 943
943 99057
99057 99057
944 944
99056 944
944 99056
99056 99056
945 945
99055 945
945 99055
99055 99055
946 946
99054 946
946 99054
99054 99054
947 947
99053 947
947 99053
99053 99053
948 948
99052 948
948 99052
99052 99052
949 949
99051 949
949 99051
99051 99051
950 950
99050 950
950 99050
99050 99050
951 951
99049 951
951 99049
99049 99049
952 952
99048 952
952 99048
99048 99048
953 953
99047 953
953 99047
99047 99047
954 954
99046 954
954 99046
99046 99046
955 955
99045 955
955 99045
99045 99045
956 956
99044 956
956 99044
99044 99044
957 957
99043 957
957 99043
99043 99043
958 958
99042 958
958 99042
99042 99042
959 959
99041 959
959 99041
99041 99041
960 960
99040 960
960 99040
99040 99040
961 961
99039 961
961 99039
99039 99039
962 962
99038 962
962 99038
99038 99038
963 963
99037 963
963 99037
99037 99037
964 964
99036 964
964 99036
99036 99036
965 965
99035 965
965 99035
99035 99035
966 966
99034 966
966 99034
99034 99034
967 967
99033 967
967 99033
99033 99033
968 968
99032 968
968 99032
99032 99032
969 969
99031 969
969 99031
99031 99031
970 970
99030 970
970 99030
99030 99030
971 971
99029 971
971 99029
99029 99029
972 972
99028 972
972 99028
99028 99028
973 973
99027 973
973 99027
99027 99027
974 974
99026 974
974 99026
99026 99026
975 975
99025 975
975 99025
99025 99025
976 976
99024 976
976 99024
99024 99024
977 977
99023 977
977 99023
99023 99023
978 978
99022 978
978 99022
99022 99022
979 979
99021 979
979 99021
99021 99021
980 980
99020 980
980 99020
99020 99020
981 981
99019 981
981 99019
99019 99019
982 982
99018 982
982 99018
99018 99018
983 983
99017 983
983 99017
99017 99017
984 984
99016 984
984 99016
99016 99016
985 985
99015 985
985 99015
99015 99015
986 986
99014 986
986 99014
99014 99014
987 987
99013 987
987 99013
99013 99013
988 988
99012 988
988 99012
99012 99012
989 989
99011 989
989 99011
99011 99011
990 990
99010 990
990 99010
99010 99010
991 991
99009 991
991 99009
99009 99009
992 992
99008 992
992 99008
99008 99008
993 993
99007 993
993 99007
99007 99007
994 994
99006 994
994 99006
99006 99006
995 995
99005 995
995 99005
99005 99005
996 996
99004 996
996 99004
99004 99004
997 997
99003 997
997 99003
99003 99003
998 998
99002 998
998 99002
99002 99002
999 999
99001 999
999 99001
99001 99001
