4000
0 0
1 99999
2 2
3 99997
4 4
5 99995
6 6
7 99993
8 8
9 99991
10 10
11 99989
12 12
13 99987
14 14
15 99985
16 16
17 99983
18 18
19 99981
20 20
21 99979
22 22
23 99977
24 24
25 99975
26 26
27 99973
28 28
29 99971
30 30
31 99969
32 32
33 99967
34 34
35 99965
36 36
37 99963
38 38
39 99961
40 40
41 99959
42 42
43 99957
44 44
45 99955
46 46
47 99953
48 48
49 99951
50 50
51 99949
52 52
53 99947
54 54
55 99945
56 56
57 99943
58 58
59 99941
60 60
61 99939
62 62
63 99937
64 64
65 99935
66 66
67 99933
68 68
69 99931
70 70
71 99929
72 72
73 99927
74 74
75 99925
76 76
77 99923
78 78
79 99921
80 80
81 99919
82 82
83 99917
84 84
85 99915
86 86
87 99913
88 88
89 99911
90 90
91 99909
92 92
93 99907
94 94
95 99905
96 96
97 99903
98 98
99 99901
100 100
101 99899
102 102
103 99897
104 104
105 99895
106 106
107 99893
108 108
109 99891
110 110
111 99889
112 112
113 99887
114 114
115 99885
116 116
117 99883
118 118
119 99881
120 120
121 99879
122 122
123 99877
124 124
125 99875
126 126
127 99873
128 128
129 99871
130 130
131 99869
132 132
133 99867
134 134
135 99865
136 136
137 99863
138 138
139 99861
140 140
141 99859
142 142
143 99857
144 144
145 99855
146 146
147 99853
148 148
149 99851
150 150
151 99849
152 152
153 99847
154 154
155 99845
156 156
157 99843
158 158
159 99841
160 160
161 99839
162 162
163 99837
164 164
165 99835
166 166
167 99833
168 168
169 99831
170 170
171 99829
172 172
173 99827
174 174
175 99825
176 176
177 99823
178 178
179 99821
180 180
181 99819
182 182
183 99817
184 184
185 99815
186 186
187 99813
188 188
189 99811
190 190
191 99809
192 192
193 99807
194 194
195 99805
196 196
197 99803
198 198
199 99801
200 200
201 99799
202 202
203 99797
204 204
205 99795
206 206
207 99793
208 208
209 99791
210 210
211 99789
212 212
213 99787
214 214
215 99785
216 216
217 99783
218 218
219 99781
220 220
221 99779
222 222
223 99777
224 224
225 99775
226 226
227 99773
228 228
229 99771
230 230
231 99769
232 232
233 99767
234 234
235 99765
236 236
237 99763
238 238
239 99761
240 240
241 99759
242 242
243 99757
244 244
245 99755
246 246
247 99753
248 248
249 99751
250 250
251 99749
252 252
253 99747
254 254
255 99745
256 256
257 99743
258 258
259 99741
260 260
261 99739
262 262
263 99737
264 264
265 99735
266 266
267 99733
268 268
269 99731
270 270
271 99729
272 272
273 99727
274 274
275 99725
276 276
277 99723
278 278
279 99721
280 280
281 99719
282 282
283 99717
284 284
285 99715
286 286
287 99713
288 288
289 99711
290 290
291 99709
292 292
293 99707
294 294
295 99705
296 296
297 99703
298 298
299 99701
300 300
301 99699
302 302
303 99697
304 304
305 99695
306 306
307 99693
308 308
309 99691
310 310
311 99689
312 312
313 99687
314 314
315 99685
316 316
317 99683
318 318
319 99681
320 320
321 99679
322 322
323 99677
324 324
325 99675
326 326
327 99673
328 328
329 99671
330 330
331 99669
332 332
333 99667
334 334
335 99665
336 336
337 99663
338 338
339 99661
340 340
341 99659
342 342
343 99657
344 344
345 99655
346 346
347 99653
348 348
349 99651
350 350
351 99649
352 352
353 99647
354 354
355 99645
356 356
357 99643
358 358
359 99641
360 360
361 99639
362 362
363 99637
364 364
365 99635
366 366
367 99633
368 368
369 99631
370 370
371 99629
372 372
373 99627
374 374
375 99625
376 376
377 99623
378 378
379 99621
380 380
381 99619
382 382
383 99617
384 384
385 99615
386 386
387 99613
388 388
389 99611
390 390
391 99609
392 392
393 99607
394 394
395 99605
396 396
397 99603
398 398
399 99601
400 400
401 99599
402 402
403 99597
404 404
405 99595
406 406
407 99593
408 408
409 99591
410 410
411 99589
412 412
413 99587
414 414
415 99585
416 416
417 99583
418 418
419 99581
420 420
421 99579
422 422
423 99577
424 424
425 99575
426 426
427 99573
428 428
429 99571
430 430
431 99569
432 432
433 99567
434 434
435 99565
436 436
437 99563
438 438
439 99561
440 440
441 99559
442 442
443 99557
444 444
445 99555
446 446
447 99553
448 448
449 99551
450 450
451 99549
452 452
453 99547
454 454
455 99545
456 456
457 99543
458 458
459 99541
460 460
461 99539
462 462
463 99537
464 464
465 99535
466 466
467 99533
468 468
469 99531
470 470
471 99529
472 472
473 99527
474 474
475 99525
476 476
477 99523
478 478
479 99521
480 480
481 99519
482 482
483 99517
484 484
485 99515
486 486
487 99513
488 488
489 99511
490 490
491 99509
492 492
493 99507
494 494
495 99505
496 496
497 99503
498 498
499 99501
500 500
501 99499
502 502
503 99497
504 504
505 99495
506 506
507 99493
508 508
509 99491
510 510
511 99489
512 512
513 99487
514 514
515 99485
516 516
517 99483
518 518
519 99481
520 520
521 99479
522 522
523 99477
524 524
525 99475
526 526
527 99473
528 528
529 99471
530 530
531 99469
532 532
533 99467
534 534
535 99465
536 536
537 99463
538 538
539 99461
540 540
541 99459
542 542
543 99457
544 544
545 99455
546 546
547 99453
548 548
549 99451
550 550
551 99449
552 552
553 99447
554 554
555 99445
556 556
557 99443
558 558
559 99441
560 560
561 99439
562 562
563 99437
564 564
565 99435
566 566
567 99433
568 568
569 99431
570 570
571 99429
572 572
573 99427
574 574
575 99425
576 576
577 99423
578 578
579 99421
580 580
581 99419
582 582
583 99417
584 584
585 99415
586 586
587 99413
588 588
589 99411
590 590
591 99409
592 592
593 99407
594 594
595 99405
596 596
597 99403
598 598
599 99401
600 600
601 99399
602 602
603 99397
604 604
605 99395
606 606
607 99393
608 608
609 99391
610 610
611 99389
612 612
613 99387
614 614
615 99385
616 616
617 99383
618 618
619 99381
620 620
621 99379
622 622
623 99377
624 624
625 99375
626 626
627 99373
628 628
629 99371
630 630
631 99369
632 632
633 99367
634 634
635 99365
636 636
637 99363
638 638
639 99361
640 640
641 99359
642 642
643 99357
644 644
645 99355
646 646
647 99353
648 648
649 99351
650 650
651 99349
652 652
653 99347
654 654
655 99345
656 656
657 99343
658 658
659 99341
660 660
661 99339
662 662
663 99337
664 664
665 99335
666 666
667 99333
668 668
669 99331
670 670
671 99329
672 672
673 99327
674 674
675 99325
676 676
677 99323
678 678
679 99321
680 680
681 99319
682 682
683 99317
684 684
685 99315
686 686
687 99313
688 688
689 99311
690 690
691 99309
692 692
693 99307
694 694
695 99305
696 696
697 99303
698 698
699 99301
700 700
701 99299
702 702
703 99297
704 704
705 99295
706 706
707 99293
708 708
709 99291
710 710
711 99289
712 712
713 99287
714 714
715 99285
716 716
717 99283
718 718
719 99281
720 720
721 99279
722 722
723 99277
724 724
725 99275
726 726
727 99273
728 728
729 99271
730 730
731 99269
732 732
733 99267
734 734
735 99265
736 736
737 99263
738 738
739 99261
740 740
741 99259
742 742
743 99257
744 744
745 99255
746 746
747 99253
748 748
749 99251
750 750
751 99249
752 752
753 99247
754 754
755 99245
756 756
757 99243
758 758
759 99241
760 760
761 99239
762 762
763 99237
764 764
765 99235
766 766
767 99233
768 768
769 99231
770 770
771 99229
772 772
773 99227
774 774
775 99225
776 776
777 99223
778 778
779 99221
780 780
781 99219
782 782
783 99217
784 784
785 99215
786 786
787 99213
788 788
789 99211
790 790
791 99209
792 792
793 99207
794 794
795 99205
796 796
797 99203
798 798
799 99201
800 800
801 99199
802 802
803 99197
804 804
805 99195
806 806
807 99193
808 808
809 99191
810 810
811 99189
812 812
813 99187
814 814
815 99185
816 816
817 99183
818 818
819 99181
820 820
821 99179
822 822
823 99177
824 824
825 99175
826 826
827 99173
828 828
829 99171
830 830
831 99169
832 832
833 99167
834 834
835 99165
836 836
837 99163
838 838
839 99161
840 840
841 99159
842 842
843 99157
844 844
845 99155
846 846
847 99153
848 848
849 99151
850 850
851 99149
852 852
853 99147
854 854
855 99145
856 856
857 99143
858 858
859 99141
860 860
861 99139
862 862
863 99137
864 864
865 99135
866 866
867 99133
868 868
869 99131
870 870
871 99129
872 872
873 99127
874 874
875 99125
876 876
877 99123
878 878
879 99121
880 880
881 99119
882 882
883 99117
884 884
885 99115
886 886
887 99113
888 888
889 99111
890 890
891 99109
892 892
893 99107
894 894
895 99105
896 896
897 99103
898 898
899 99101
900 900
901 99099
902 902
903 99097
904 904
905 99095
906 906
907 99093
908 908
909 99091
910 910
911 99089
912 912
913 99087
914 914
915 99085
916 916
917 99083
918 918
919 99081
920 920
921 99079
922 922
923 99077
924 924
925 99075
926 926
927 99073
928 928
929 99071
930 930
931 99069
932 932
933 99067
934 934
935 99065
936 936
937 99063
938 938
939 99061
940 940
941 99059
942 942
943 99057
944 944
945 99055
946 946
947 99053
948 948
949 99051
950 950
951 99049
952 952
953 99047
954 954
955 99045
956 956
957 99043
958 958
959 99041
960 960
961 99039
962 962
963 99037
964 964
965 99035
966 966
967 99033
968 968
969 99031
970 970
971 99029
972 972
973 99027
974 974
975 99025
976 976
977 99023
978 978
979 99021
980 980
981 99019
982 982
983 99017
984 984
985 99015
986 986
987 99013
988 988
989 99011
990 990
991 99009
992 992
993 99007
994 994
995 99005
996 996
997 99003
998 998
999 99001
1000 1000
1001 98999
1002 1002
1003 98997
1004 1004
1005 98995
1006 1006
1007 98993
1008 1008
1009 98991
1010 1010
1011 98989
1012 1012
1013 98987
1014 1014
1015 98985
1016 1016
1017 98983
1018 1018
1019 98981
1020 1020
1021 98979
1022 1022
1023 98977
1024 1024
1025 98975
1026 1026
1027 98973
1028 1028
1029 98971
1030 1030
1031 98969
1032 1032
1033 98967
1034 1034
1035 98965
1036 1036
1037 98963
1038 1038
1039 98961
1040 1040
1041 98959
1042 1042
1043 98957
1044 1044
1045 98955
1046 1046
1047 98953
1048 1048
1049 98951
1050 1050
1051 98949
1052 1052
1053 98947
1054 1054
1055 98945
1056 1056
1057 98943
1058 1058
1059 98941
1060 1060
1061 98939
1062 1062
1063 98937
1064 1064
1065 98935
1066 1066
1067 98933
1068 1068
1069 98931
1070 1070
1071 98929
1072 1072
1073 98927
1074 1074
1075 98925
1076 1076
1077 98923
1078 1078
1079 98921
1080 1080
1081 98919
1082 1082
1083 98917
1084 1084
1085 98915
1086 1086
1087 98913
1088 1088
1089 98911
1090 1090
1091 98909
1092 1092
1093 98907
1094 1094
1095 98905
1096 1096
1097 98903
1098 1098
1099 98901
1100 1100
1101 98899
1102 1102
1103 98897
1104 1104
1105 98895
1106 1106
1107 98893
1108 1108
1109 98891
1110 1110
1111 98889
1112 1112
1113 98887
1114 1114
1115 98885
1116 1116
1117 98883
1118 1118
1119 98881
1120 1120
1121 98879
1122 1122
1123 98877
1124 1124
1125 98875
1126 1126
1127 98873
1128 1128
1129 98871
1130 1130
1131 98869
1132 1132
1133 98867
1134 1134
1135 98865
1136 1136
1137 98863
1138 1138
1139 98861
1140 1140
1141 98859
1142 1142
1143 98857
1144 1144
1145 98855
1146 1146
1147 98853
1148 1148
1149 98851
1150 1150
1151 98849
1152 1152
1153 98847
1154 1154
1155 98845
1156 1156
1157 98843
1158 1158
1159 98841
1160 1160
1161 98839
1162 1162
1163 98837
1164 1164
1165 98835
1166 1166
1167 98833
1168 1168
1169 98831
1170 1170
1171 98829
1172 1172
1173 98827
1174 1174
1175 98825
1176 1176
1177 98823
1178 1178
1179 98821
1180 1180
1181 98819
1182 1182
1183 98817
1184 1184
1185 98815
1186 1186
1187 98813
1188 1188
1189 98811
1190 1190
1191 98809
1192 1192
1193 98807
1194 1194
1195 98805
1196 1196
1197 98803
1198 1198
1199 98801
1200 1200
1201 98799
1202 1202
1203 98797
1204 1204
1205 98795
1206 1206
1207 98793
1208 1208
1209 98791
1210 1210
1211 98789
1212 1212
1213 98787
1214 1214
1215 98785
1216 1216
1217 98783
1218 1218
1219 98781
1220 1220
1221 98779
1222 1222
1223 98777
1224 1224
1225 98775
1226 1226
1227 98773
1228 1228
1229 98771
1230 1230
1231 98769
1232 1232
1233 98767
1234 1234
1235 98765
1236 1236
1237 98763
1238 1238
1239 98761
1240 1240
1241 98759
1242 1242
1243 98757
1244 1244
1245 98755
1246 1246
1247 98753
1248 1248
1249 98751
1250 1250
1251 98749
1252 1252
1253 98747
1254 1254
1255 98745
1256 1256
1257 98743
1258 1258
1259 98741
1260 1260
1261 98739
1262 1262
1263 98737
1264 1264
1265 98735
1266 1266
1267 98733
1268 1268
1269 98731
1270 1270
1271 98729
1272 1272
1273 98727
1274 1274
1275 98725
1276 1276
1277 98723
1278 1278
1279 98721
1280 1280
1281 98719
1282 1282
1283 98717
1284 1284
1285 98715
1286 1286
1287 98713
1288 1288
1289 98711
1290 1290
1291 98709
1292 1292
1293 98707
1294 1294
1295 98705
1296 1296
1297 98703
1298 1298
1299 98701
1300 1300
1301 98699
1302 1302
1303 98697
1304 1304
1305 98695
1306 1306
1307 98693
1308 1308
1309 98691
1310 1310
1311 98689
1312 1312
1313 98687
1314 1314
1315 98685
1316 1316
1317 98683
1318 1318
1319 98681
1320 1320
1321 98679
1322 1322
1323 98677
1324 1324
1325 98675
1326 1326
1327 98673
1328 1328
1329 98671
1330 1330
1331 98669
1332 1332
1333 98667
1334 1334
1335 98665
1336 1336
1337 98663
1338 1338
1339 98661
1340 1340
1341 98659
1342 1342
1343 98657
1344 1344
1345 98655
1346 1346
1347 98653
1348 1348
1349 98651
1350 1350
1351 98649
1352 1352
1353 98647
1354 1354
1355 98645
1356 1356
1357 98643
1358 1358
1359 98641
1360 1360
1361 98639
1362 1362
1363 98637
1364 1364
1365 98635
1366 1366
1367 98633
1368 1368
1369 98631
1370 1370
1371 98629
1372 1372
1373 98627
1374 1374
1375 98625
1376 1376
1377 98623
1378 1378
1379 98621
1380 1380
1381 98619
1382 1382
1383 98617
1384 1384
1385 98615
1386 1386
1387 98613
1388 1388
1389 98611
1390 1390
1391 98609
1392 1392
1393 98607
1394 1394
1395 98605
1396 1396
1397 98603
1398 1398
1399 98601
1400 1400
1401 98599
1402 1402
1403 98597
1404 1404
1405 98595
1406 1406
1407 98593
1408 1408
1409 98591
1410 1410
1411 98589
1412 1412
1413 98587
1414 1414
1415 98585
1416 1416
1417 98583
1418 1418
1419 98581
1420 1420
1421 98579
1422 1422
1423 98577
1424 1424
1425 98575
1426 1426
1427 98573
1428 1428
1429 98571
1430 1430
1431 98569
1432 1432
1433 98567
1434 1434
1435 98565
1436 1436
1437 98563
1438 1438
1439 98561
1440 1440
1441 98559
1442 1442
1443 98557
1444 1444
1445 98555
1446 1446
1447 98553
1448 1448
1449 98551
1450 1450
1451 98549
1452 1452
1453 98547
1454 1454
1455 98545
1456 1456
1457 98543
1458 1458
1459 98541
1460 1460
1461 98539
1462 1462
1463 98537
1464 1464
1465 98535
1466 1466
1467 98533
1468 1468
1469 98531
1470 1470
1471 98529
1472 1472
1473 98527
1474 1474
1475 98525
1476 1476
1477 98523
1478 1478
1479 98521
1480 1480
1481 98519
1482 1482
1483 98517
1484 1484
1485 98515
1486 1486
1487 98513
1488 1488
1489 98511
1490 1490
1491 98509
1492 1492
1493 98507
1494 1494
1495 98505
1496 1496
1497 98503
1498 1498
1499 98501
1500 1500
1501 98499
1502 1502
1503 98497
1504 1504
1505 98495
1506 1506
1507 98493
1508 1508
1509 98491
1510 1510
1511 98489
1512 1512
1513 98487
1514 1514
1515 98485
1516 1516
1517 98483
1518 1518
1519 98481
1520 1520
1521 98479
1522 1522
1523 98477
1524 1524
1525 98475
1526 1526
1527 98473
1528 1528
1529 98471
1530 1530
1531 98469
1532 1532
1533 98467
1534 1534
1535 98465
1536 1536
1537 98463
1538 1538
1539 98461
1540 1540
1541 98459
1542 1542
1543 98457
1544 1544
1545 98455
1546 1546
1547 98453
1548 1548
1549 98451
1550 1550
1551 98449
1552 1552
1553 98447
1554 1554
1555 98445
1556 1556
1557 98443
1558 1558
1559 98441
1560 1560
1561 98439
1562 1562
1563 98437
1564 1564
1565 98435
1566 1566
1567 98433
1568 1568
1569 98431
1570 1570
1571 98429
1572 1572
1573 98427
1574 1574
1575 98425
1576 1576
1577 98423
1578 1578
1579 98421
1580 1580
1581 98419
1582 1582
1583 98417
1584 1584
1585 98415
1586 1586
1587 98413
1588 1588
1589 98411
1590 1590
1591 98409
1592 1592
1593 98407
1594 1594
1595 98405
1596 1596
1597 98403
1598 1598
1599 98401
1600 1600
1601 98399
1602 1602
1603 98397
1604 1604
1605 98395
1606 1606
1607 98393
1608 1608
1609 98391
1610 1610
1611 98389
1612 1612
1613 98387
1614 1614
1615 98385
1616 1616
1617 98383
1618 1618
1619 98381
1620 1620
1621 98379
1622 1622
1623 98377
1624 1624
1625 98375
1626 1626
1627 98373
1628 1628
1629 98371
1630 1630
1631 98369
1632 1632
1633 98367
1634 1634
1635 98365
1636 1636
1637 98363
1638 1638
1639 98361
1640 1640
1641 98359
1642 1642
1643 98357
1644 1644
1645 98355
1646 1646
1647 98353
1648 1648
1649 98351
1650 1650
1651 98349
1652 1652
1653 98347
1654 1654
1655 98345
1656 1656
1657 98343
1658 1658
1659 98341
1660 1660
1661 98339
1662 1662
1663 98337
1664 1664
1665 98335
1666 1666
1667 98333
1668 1668
1669 98331
1670 1670
1671 98329
1672 1672
1673 98327
1674 1674
1675 98325
1676 1676
1677 98323
1678 1678
1679 98321
1680 1680
1681 98319
1682 1682
1683 98317
1684 1684
1685 98315
1686 1686
1687 98313
1688 1688
1689 98311
1690 1690
1691 98309
1692 1692
1693 98307
1694 1694
1695 98305
1696 1696
1697 98303
1698 1698
1699 98301
1700 1700
1701 98299
1702 1702
1703 98297
1704 1704
1705 98295
1706 1706
1707 98293
1708 1708
1709 98291
1710 1710
1711 98289
1712 1712
1713 98287
1714 1714
1715 98285
1716 1716
1717 98283
1718 1718
1719 98281
1720 1720
1721 98279
1722 1722
1723 98277
1724 1724
1725 98275
1726 1726
1727 98273
1728 1728
1729 98271
1730 1730
1731 98269
1732 1732
1733 98267
1734 1734
1735 98265
1736 1736
1737 98263
1738 1738
1739 98261
1740 1740
1741 98259
1742 1742
1743 98257
1744 1744
1745 98255
1746 1746
1747 98253
1748 1748
1749 98251
1750 1750
1751 98249
1752 1752
1753 98247
1754 1754
1755 98245
1756 1756
1757 98243
1758 1758
1759 98241
1760 1760
1761 98239
1762 1762
1763 98237
1764 1764
1765 98235
1766 1766
1767 98233
1768 1768
1769 98231
1770 1770
1771 98229
1772 1772
1773 98227
1774 1774
1775 98225
1776 1776
1777 98223
1778 1778
1779 98221
1780 1780
1781 98219
1782 1782
1783 98217
1784 1784
1785 98215
1786 1786
1787 98213
1788 1788
1789 98211
1790 1790
1791 98209
1792 1792
1793 98207
1794 1794
1795 98205
1796 1796
1797 98203
1798 1798
1799 98201
1800 1800
1801 98199
1802 1802
1803 98197
1804 1804
1805 98195
1806 1806
1807 98193
1808 1808
1809 98191
1810 1810
1811 98189
1812 1812
1813 98187
1814 1814
1815 98185
1816 1816
1817 98183
1818 1818
1819 98181
1820 1820
1821 98179
1822 1822
1823 98177
1824 1824
1825 98175
1826 1826
1827 98173
1828 1828
1829 98171
1830 1830
1831 98169
1832 1832
1833 98167
1834 1834
1835 98165
1836 1836
1837 98163
1838 1838
1839 98161
1840 1840
1841 98159
1842 1842
1843 98157
1844 1844
1845 98155
1846 1846
1847 98153
1848 1848
1849 98151
1850 1850
1851 98149
1852 1852
1853 98147
1854 1854
1855 98145
1856 1856
1857 98143
1858 1858
1859 98141
1860 1860
1861 98139
1862 1862
1863 98137
1864 1864
1865 98135
1866 1866
1867 98133
1868 1868
1869 98131
1870 1870
1871 98129
1872 1872
1873 98127
1874 1874
1875 98125
1876 1876
1877 98123
1878 1878
1879 98121
1880 1880
1881 98119
1882 1882
1883 98117
1884 1884
1885 98115
1886 1886
1887 98113
1888 1888
1889 98111
1890 1890
1891 98109
1892 1892
1893 98107
1894 1894
1895 98105
1896 1896
1897 98103
1898 1898
1899 98101
1900 1900
1901 98099
1902 1902
1903 98097
1904 1904
1905 98095
1906 1906
1907 98093
1908 1908
1909 98091
1910 1910
1911 98089
1912 1912
1913 98087
1914 1914
1915 98085
1916 1916
1917 98083
1918 1918
1919 98081
1920 1920
1921 98079
1922 1922
1923 98077
1924 1924
1925 98075
1926 1926
1927 98073
1928 1928
1929 98071
1930 1930
1931 98069
1932 1932
1933 98067
1934 1934
1935 98065
1936 1936
1937 98063
1938 1938
1939 98061
1940 1940
1941 98059
1942 1942
1943 98057
1944 1944
1945 98055
1946 1946
1947 98053
1948 1948
1949 98051
1950 1950
1951 98049
1952 1952
1953 98047
1954 1954
1955 98045
1956 1956
1957 98043
1958 1958
1959 98041
1960 1960
1961 98039
1962 1962
1963 98037
1964 1964
1965 98035
1966 1966
1967 98033
1968 1968
1969 98031
1970 1970
1971 98029
1972 1972
1973 98027
1974 1974
1975 98025
1976 1976
1977 98023
1978 1978
1979 98021
1980 1980
1981 98019
1982 1982
1983 98017
1984 1984
1985 98015
1986 1986
1987 98013
1988 1988
1989 98011
1990 1990
1991 98009
1992 1992
1993 98007
1994 1994
1995 98005
1996 1996
1997 98003
1998 1998
1999 98001
2000 2000
2001 97999
2002 2002
2003 97997
2004 2004
2005 97995
2006 2006
2007 97993
2008 2008
2009 97991
2010 2010
2011 97989
2012 2012
2013 97987
2014 2014
2015 97985
2016 2016
2017 97983
2018 2018
2019 97981
2020 2020
2021 97979
2022 2022
2023 97977
2024 2024
2025 97975
2026 2026
2027 97973
2028 2028
2029 97971
2030 2030
2031 97969
2032 2032
2033 97967
2034 2034
2035 97965
2036 2036
2037 97963
2038 2038
2039 97961
2040 2040
2041 97959
2042 2042
2043 97957
2044 2044
2045 97955
2046 2046
2047 97953
2048 2048
2049 97951
2050 2050
2051 97949
2052 2052
2053 97947
2054 2054
2055 97945
2056 2056
2057 97943
2058 2058
2059 97941
2060 2060
2061 97939
2062 2062
2063 97937
2064 2064
2065 97935
2066 2066
2067 97933
2068 2068
2069 97931
2070 2070
2071 97929
2072 2072
2073 97927
2074 2074
2075 97925
2076 2076
2077 97923
2078 2078
2079 97921
2080 2080
2081 97919
2082 2082
2083 97917
2084 2084
2085 97915
2086 2086
2087 97913
2088 2088
2089 97911
2090 2090
2091 97909
2092 2092
2093 97907
2094 2094
2095 97905
2096 2096
2097 97903
2098 2098
2099 97901
2100 2100
2101 97899
2102 2102
2103 97897
2104 2104
2105 97895
2106 2106
2107 97893
2108 2108
2109 97891
2110 2110
2111 97889
2112 2112
2113 97887
2114 2114
2115 97885
2116 2116
2117 97883
2118 2118
2119 97881
2120 2120
2121 97879
2122 2122
2123 97877
2124 2124
2125 97875
2126 2126
2127 97873
2128 2128
2129 97871
2130 2130
2131 97869
2132 2132
2133 97867
2134 2134
2135 97865
2136 2136
2137 97863
2138 2138
2139 97861
2140 2140
2141 97859
2142 2142
2143 97857
2144 2144
2145 97855
2146 2146
2147 97853
2148 2148
2149 97851
2150 2150
2151 97849
2152 2152
2153 97847
2154 2154
2155 97845
2156 2156
2157 97843
2158 2158
2159 97841
2160 2160
2161 97839
2162 2162
2163 97837
2164 2164
2165 97835
2166 2166
2167 97833
2168 2168
2169 97831
2170 2170
2171 97829
2172 2172
2173 97827
2174 2174
2175 97825
2176 2176
2177 97823
2178 2178
2179 97821
2180 2180
2181 97819
2182 2182
2183 97817
2184 2184
2185 97815
2186 2186
2187 97813
2188 2188
2189 97811
2190 2190
2191 97809
2192 2192
2193 97807
2194 2194
2195 97805
2196 2196
2197 97803
2198 2198
2199 97801
2200 2200
2201 97799
2202 2202
2203 97797
2204 2204
2205 97795
2206 2206
2207 97793
2208 2208
2209 97791
2210 2210
2211 97789
2212 2212
2213 97787
2214 2214
2215 97785
2216 2216
2217 97783
2218 2218
2219 97781
2220 2220
2221 97779
2222 2222
2223 97777
2224 2224
2225 97775
2226 2226
2227 97773
2228 2228
2229 97771
2230 2230
2231 97769
2232 2232
2233 97767
2234 2234
2235 97765
2236 2236
2237 97763
2238 2238
2239 97761
2240 2240
2241 97759
2242 2242
2243 97757
2244 2244
2245 97755
2246 2246
2247 97753
2248 2248
2249 97751
2250 2250
2251 97749
2252 2252
2253 97747
2254 2254
2255 97745
2256 2256
2257 97743
2258 2258
2259 97741
2260 2260
2261 97739
2262 2262
2263 97737
2264 2264
2265 97735
2266 2266
2267 97733
2268 2268
2269 97731
2270 2270
2271 97729
2272 2272
2273 97727
2274 2274
2275 97725
2276 2276
2277 97723
2278 2278
2279 97721
2280 2280
2281 97719
2282 2282
2283 97717
2284 2284
2285 97715
2286 2286
2287 97713
2288 2288
2289 97711
2290 2290
2291 97709
2292 2292
2293 97707
2294 2294
2295 97705
2296 2296
2297 97703
2298 2298
2299 97701
2300 2300
2301 97699
2302 2302
2303 97697
2304 2304
2305 97695
2306 2306
2307 97693
2308 2308
2309 97691
2310 2310
2311 97689
2312 2312
2313 97687
2314 2314
2315 97685
2316 2316
2317 97683
2318 2318
2319 97681
2320 2320
2321 97679
2322 2322
2323 97677
2324 2324
2325 97675
2326 2326
2327 97673
2328 2328
2329 97671
2330 2330
2331 97669
2332 2332
2333 97667
2334 2334
2335 97665
2336 2336
2337 97663
2338 2338
2339 97661
2340 2340
2341 97659
2342 2342
2343 97657
2344 2344
2345 97655
2346 2346
2347 97653
2348 2348
2349 97651
2350 2350
2351 97649
2352 2352
2353 97647
2354 2354
2355 97645
2356 2356
2357 97643
2358 2358
2359 97641
2360 2360
2361 97639
2362 2362
2363 97637
2364 2364
2365 97635
2366 2366
2367 97633
2368 2368
2369 97631
2370 2370
2371 97629
2372 2372
2373 97627
2374 2374
2375 97625
2376 2376
2377 97623
2378 2378
2379 97621
2380 2380
2381 97619
2382 2382
2383 97617
2384 2384
2385 97615
2386 2386
2387 97613
2388 2388
2389 97611
2390 2390
2391 97609
2392 2392
2393 97607
2394 2394
2395 97605
2396 2396
2397 97603
2398 2398
2399 97601
2400 2400
2401 97599
2402 2402
2403 97597
2404 2404
2405 97595
2406 2406
2407 97593
2408 2408
2409 97591
2410 2410
2411 97589
2412 2412
2413 97587
2414 2414
2415 97585
2416 2416
2417 97583
2418 2418
2419 97581
2420 2420
2421 97579
2422 2422
2423 97577
2424 2424
2425 97575
2426 2426
2427 97573
2428 2428
2429 97571
2430 2430
2431 97569
2432 2432
2433 97567
2434 2434
2435 97565
2436 2436
2437 97563
2438 2438
2439 97561
2440 2440
2441 97559
2442 2442
2443 97557
2444 2444
2445 97555
2446 2446
2447 97553
2448 2448
2449 97551
2450 2450
2451 97549
2452 2452
2453 97547
2454 2454
2455 97545
2456 2456
2457 97543
2458 2458
2459 97541
2460 2460
2461 97539
2462 2462
2463 97537
2464 2464
2465 97535
2466 2466
2467 97533
2468 2468
2469 97531
2470 2470
2471 97529
2472 2472
2473 97527
2474 2474
2475 97525
2476 2476
2477 97523
2478 2478
2479 97521
2480 2480
2481 97519
2482 2482
2483 97517
2484 2484
2485 97515
2486 2486
2487 97513
2488 2488
2489 97511
2490 2490
2491 97509
2492 2492
2493 97507
2494 2494
2495 97505
2496 2496
2497 97503
2498 2498
2499 97501
2500 2500
2501 97499
2502 2502
2503 97497
2504 2504
2505 97495
2506 2506
2507 97493
2508 2508
2509 97491
2510 2510
2511 97489
2512 2512
2513 97487
2514 2514
2515 97485
2516 2516
2517 97483
2518 2518
2519 97481
2520 2520
2521 97479
2522 2522
2523 97477
2524 2524
2525 97475
2526 2526
2527 97473
2528 2528
2529 97471
2530 2530
2531 97469
2532 2532
2533 97467
2534 2534
2535 97465
2536 2536
2537 97463
2538 2538
2539 97461
2540 2540
2541 97459
2542 2542
2543 97457
2544 2544
2545 97455
2546 2546
2547 97453
2548 2548
2549 97451
2550 2550
2551 97449
2552 2552
2553 97447
2554 2554
2555 97445
2556 2556
2557 97443
2558 2558
2559 97441
2560 2560
2561 97439
2562 2562
2563 97437
2564 2564
2565 97435
2566 2566
2567 97433
2568 2568
2569 97431
2570 2570
2571 97429
2572 2572
2573 97427
2574 2574
2575 97425
2576 2576
2577 97423
2578 2578
2579 97421
2580 2580
2581 97419
2582 2582
2583 97417
2584 2584
2585 97415
2586 2586
2587 97413
2588 2588
2589 97411
2590 2590
2591 97409
2592 2592
2593 97407
2594 2594
2595 97405
2596 2596
2597 97403
2598 2598
2599 97401
2600 2600
2601 97399
2602 2602
2603 97397
2604 2604
2605 97395
2606 2606
2607 97393
2608 2608
2609 97391
2610 2610
2611 97389
2612 2612
2613 97387
2614 2614
2615 97385
2616 2616
2617 97383
2618 2618
2619 97381
2620 2620
2621 97379
2622 2622
2623 97377
2624 2624
2625 97375
2626 2626
2627 97373
2628 2628
2629 97371
2630 2630
2631 97369
2632 2632
2633 97367
2634 2634
2635 97365
2636 2636
2637 97363
2638 2638
2639 97361
2640 2640
2641 97359
2642 2642
2643 97357
2644 2644
2645 97355
2646 2646
2647 97353
2648 2648
2649 97351
2650 2650
2651 97349
2652 2652
2653 97347
2654 2654
2655 97345
2656 2656
2657 97343
2658 2658
2659 97341
2660 2660
2661 97339
2662 2662
2663 97337
2664 2664
2665 97335
2666 2666
2667 97333
2668 2668
2669 97331
2670 2670
2671 97329
2672 2672
2673 97327
2674 2674
2675 97325
2676 2676
2677 97323
2678 2678
2679 97321
2680 2680
2681 97319
2682 2682
2683 97317
2684 2684
2685 97315
2686 2686
2687 97313
2688 2688
2689 97311
2690 2690
2691 97309
2692 2692
2693 97307
2694 2694
2695 97305
2696 2696
2697 97303
2698 2698
2699 97301
2700 2700
2701 97299
2702 2702
2703 97297
2704 2704
2705 97295
2706 2706
2707 97293
2708 2708
2709 97291
2710 2710
2711 97289
2712 2712
2713 97287
2714 2714
2715 97285
2716 2716
2717 97283
2718 2718
2719 97281
2720 2720
2721 97279
2722 2722
2723 97277
2724 2724
2725 97275
2726 2726
2727 97273
2728 2728
2729 97271
2730 2730
2731 97269
2732 2732
2733 97267
2734 2734
2735 97265
2736 2736
2737 97263
2738 2738
2739 97261
2740 2740
2741 97259
2742 2742
2743 97257
2744 2744
2745 97255
2746 2746
2747 97253
2748 2748
2749 97251
2750 2750
2751 97249
2752 2752
2753 97247
2754 2754
2755 97245
2756 2756
2757 97243
2758 2758
2759 97241
2760 2760
2761 97239
2762 2762
2763 97237
2764 2764
2765 97235
2766 2766
2767 97233
2768 2768
2769 97231
2770 2770
2771 97229
2772 2772
2773 97227
2774 2774
2775 97225
2776 2776
2777 97223
2778 2778
2779 97221
2780 2780
2781 97219
2782 2782
2783 97217
2784 2784
2785 97215
2786 2786
2787 97213
2788 2788
2789 97211
2790 2790
2791 97209
2792 2792
2793 97207
2794 2794
2795 97205
2796 2796
2797 97203
2798 2798
2799 97201
2800 2800
2801 97199
2802 2802
2803 97197
2804 2804
2805 97195
2806 2806
2807 97193
2808 2808
2809 97191
2810 2810
2811 97189
2812 2812
2813 97187
2814 2814
2815 97185
2816 2816
2817 97183
2818 2818
2819 97181
2820 2820
2821 97179
2822 2822
2823 97177
2824 2824
2825 97175
2826 2826
2827 97173
2828 2828
2829 97171
2830 2830
2831 97169
2832 2832
2833 97167
2834 2834
2835 97165
2836 2836
2837 97163
2838 2838
2839 97161
2840 2840
2841 97159
2842 2842
2843 97157
2844 2844
2845 97155
2846 2846
2847 97153
2848 2848
2849 97151
2850 2850
2851 97149
2852 2852
2853 97147
2854 2854
2855 97145
2856 2856
2857 97143
2858 2858
2859 97141
2860 2860
2861 97139
2862 2862
2863 97137
2864 2864
2865 97135
2866 2866
2867 97133
2868 2868
2869 97131
2870 2870
2871 97129
2872 2872
2873 97127
2874 2874
2875 97125
2876 2876
2877 97123
2878 2878
2879 97121
2880 2880
2881 97119
2882 2882
2883 97117
2884 2884
2885 97115
2886 2886
2887 97113
2888 2888
2889 97111
2890 2890
2891 97109
2892 2892
2893 97107
2894 2894
2895 97105
2896 2896
2897 97103
2898 2898
2899 97101
2900 2900
2901 97099
2902 2902
2903 97097
2904 2904
2905 97095
2906 2906
2907 97093
2908 2908
2909 97091
2910 2910
2911 97089
2912 2912
2913 97087
2914 2914
2915 97085
2916 2916
2917 97083
2918 2918
2919 97081
2920 2920
2921 97079
2922 2922
2923 97077
2924 2924
2925 97075
2926 2926
2927 97073
2928 2928
2929 97071
2930 2930
2931 97069
2932 2932
2933 97067
2934 2934
2935 97065
2936 2936
2937 97063
2938 2938
2939 97061
2940 2940
2941 97059
2942 2942
2943 97057
2944 2944
2945 97055
2946 2946
2947 97053
2948 2948
2949 97051
2950 2950
2951 97049
2952 2952
2953 97047
2954 2954
2955 97045
2956 2956
2957 97043
2958 2958
2959 97041
2960 2960
2961 97039
2962 2962
2963 97037
2964 2964
2965 97035
2966 2966
2967 97033
2968 2968
2969 97031
2970 2970
2971 97029
2972 2972
2973 97027
2974 2974
2975 97025
2976 2976
2977 97023
2978 2978
2979 97021
2980 2980
2981 97019
2982 2982
2983 97017
2984 2984
2985 97015
2986 2986
2987 97013
2988 2988
2989 97011
2990 2990
2991 97009
2992 2992
2993 97007
2994 2994
2995 97005
2996 2996
2997 97003
2998 2998
2999 97001
3000 3000
3001 96999
3002 3002
3003 96997
3004 3004
3005 96995
3006 3006
3007 96993
3008 3008
3009 96991
3010 3010
3011 96989
3012 3012
3013 96987
3014 3014
3015 96985
3016 3016
3017 96983
3018 3018
3019 96981
3020 3020
3021 96979
3022 3022
3023 96977
3024 3024
3025 96975
3026 3026
3027 96973
3028 3028
3029 96971
3030 3030
3031 96969
3032 3032
3033 96967
3034 3034
3035 96965
3036 3036
3037 96963
3038 3038
3039 96961
3040 3040
3041 96959
3042 3042
3043 96957
3044 3044
3045 96955
3046 3046
3047 96953
3048 3048
3049 96951
3050 3050
3051 96949
3052 3052
3053 96947
3054 3054
3055 96945
3056 3056
3057 96943
3058 3058
3059 96941
3060 3060
3061 96939
3062 3062
3063 96937
3064 3064
3065 96935
3066 3066
3067 96933
3068 3068
3069 96931
3070 3070
3071 96929
3072 3072
3073 96927
3074 3074
3075 96925
3076 3076
3077 96923
3078 3078
3079 96921
3080 3080
3081 96919
3082 3082
3083 96917
3084 3084
3085 96915
3086 3086
3087 96913
3088 3088
3089 96911
3090 3090
3091 96909
3092 3092
3093 96907
3094 3094
3095 96905
3096 3096
3097 96903
3098 3098
3099 96901
3100 3100
3101 96899
3102 3102
3103 96897
3104 3104
3105 96895
3106 3106
3107 96893
3108 3108
3109 96891
3110 3110
3111 96889
3112 3112
3113 96887
3114 3114
3115 96885
3116 3116
3117 96883
3118 3118
3119 96881
3120 3120
3121 96879
3122 3122
3123 96877
3124 3124
3125 96875
3126 3126
3127 96873
3128 3128
3129 96871
3130 3130
3131 96869
3132 3132
3133 96867
3134 3134
3135 96865
3136 3136
3137 96863
3138 3138
3139 96861
3140 3140
3141 96859
3142 3142
3143 96857
3144 3144
3145 96855
3146 3146
3147 96853
3148 3148
3149 96851
3150 3150
3151 96849
3152 3152
3153 96847
3154 3154
3155 96845
3156 3156
3157 96843
3158 3158
3159 96841
3160 3160
3161 96839
3162 3162
3163 96837
3164 3164
3165 96835
3166 3166
3167 96833
3168 3168
3169 96831
3170 3170
3171 96829
3172 3172
3173 96827
3174 3174
3175 96825
3176 3176
3177 96823
3178 3178
3179 96821
3180 3180
3181 96819
3182 3182
3183 96817
3184 3184
3185 96815
3186 3186
3187 96813
3188 3188
3189 96811
3190 3190
3191 96809
3192 3192
3193 96807
3194 3194
3195 96805
3196 3196
3197 96803
3198 3198
3199 96801
3200 3200
3201 96799
3202 3202
3203 96797
3204 3204
3205 96795
3206 3206
3207 96793
3208 3208
3209 96791
3210 3210
3211 96789
3212 3212
3213 96787
3214 3214
3215 96785
3216 3216
3217 96783
3218 3218
3219 96781
3220 3220
3221 96779
3222 3222
3223 96777
3224 3224
3225 96775
3226 3226
3227 96773
3228 3228
3229 96771
3230 3230
3231 96769
3232 3232
3233 96767
3234 3234
3235 96765
3236 3236
3237 96763
3238 3238
3239 96761
3240 3240
3241 96759
3242 3242
3243 96757
3244 3244
3245 96755
3246 3246
3247 96753
3248 3248
3249 96751
3250 3250
3251 96749
3252 3252
3253 96747
3254 3254
3255 96745
3256 3256
3257 96743
3258 3258
3259 96741
3260 3260
3261 96739
3262 3262
3263 96737
3264 3264
3265 96735
3266 3266
3267 96733
3268 3268
3269 96731
3270 3270
3271 96729
3272 3272
3273 96727
3274 3274
3275 96725
3276 3276
3277 96723
3278 3278
3279 96721
3280 3280
3281 96719
3282 3282
3283 96717
3284 3284
3285 96715
3286 3286
3287 96713
3288 3288
3289 96711
3290 3290
3291 96709
3292 3292
3293 96707
3294 3294
3295 96705
3296 3296
3297 96703
3298 3298
3299 96701
3300 3300
3301 96699
3302 3302
3303 96697
3304 3304
3305 96695
3306 3306
3307 96693
3308 3308
3309 96691
3310 3310
3311 96689
3312 3312
3313 96687
3314 3314
3315 96685
3316 3316
3317 96683
3318 3318
3319 96681
3320 3320
3321 96679
3322 3322
3323 96677
3324 3324
3325 96675
3326 3326
3327 96673
3328 3328
3329 96671
3330 3330
3331 96669
3332 3332
3333 96667
3334 3334
3335 96665
3336 3336
3337 96663
3338 3338
3339 96661
3340 3340
3341 96659
3342 3342
3343 96657
3344 3344
3345 96655
3346 3346
3347 96653
3348 3348
3349 96651
3350 3350
3351 96649
3352 3352
3353 96647
3354 3354
3355 96645
3356 3356
3357 96643
3358 3358
3359 96641
3360 3360
3361 96639
3362 3362
3363 96637
3364 3364
3365 96635
3366 3366
3367 96633
3368 3368
3369 96631
3370 3370
3371 96629
3372 3372
3373 96627
3374 3374
3375 96625
3376 3376
3377 96623
3378 3378
3379 96621
3380 3380
3381 96619
3382 3382
3383 96617
3384 3384
3385 96615
3386 3386
3387 96613
3388 3388
3389 96611
3390 3390
3391 96609
3392 3392
3393 96607
3394 3394
3395 96605
3396 3396
3397 96603
3398 3398
3399 96601
3400 3400
3401 96599
3402 3402
3403 96597
3404 3404
3405 96595
3406 3406
3407 96593
3408 3408
3409 96591
3410 3410
3411 96589
3412 3412
3413 96587
3414 3414
3415 96585
3416 3416
3417 96583
3418 3418
3419 96581
3420 3420
3421 96579
3422 3422
3423 96577
3424 3424
3425 96575
3426 3426
3427 96573
3428 3428
3429 96571
3430 3430
3431 96569
3432 3432
3433 96567
3434 3434
3435 96565
3436 3436
3437 96563
3438 3438
3439 96561
3440 3440
3441 96559
3442 3442
3443 96557
3444 3444
3445 96555
3446 3446
3447 96553
3448 3448
3449 96551
3450 3450
3451 96549
3452 3452
3453 96547
3454 3454
3455 96545
3456 3456
3457 96543
3458 3458
3459 96541
3460 3460
3461 96539
3462 3462
3463 96537
3464 3464
3465 96535
3466 3466
3467 96533
3468 3468
3469 96531
3470 3470
3471 96529
3472 3472
3473 96527
3474 3474
3475 96525
3476 3476
3477 96523
3478 3478
3479 96521
3480 3480
3481 96519
3482 3482
3483 96517
3484 3484
3485 96515
3486 3486
3487 96513
3488 3488
3489 96511
3490 3490
3491 96509
3492 3492
3493 96507
3494 3494
3495 96505
3496 3496
3497 96503
3498 3498
3499 96501
3500 3500
3501 96499
3502 3502
3503 96497
3504 3504
3505 96495
3506 3506
3507 96493
3508 3508
3509 96491
3510 3510
3511 96489
3512 3512
3513 96487
3514 3514
3515 96485
3516 3516
3517 96483
3518 3518
3519 96481
3520 3520
3521 96479
3522 3522
3523 96477
3524 3524
3525 96475
3526 3526
3527 96473
3528 3528
3529 96471
3530 3530
3531 96469
3532 3532
3533 96467
3534 3534
3535 96465
3536 3536
3537 96463
3538 3538
3539 96461
3540 3540
3541 96459
3542 3542
3543 96457
3544 3544
3545 96455
3546 3546
3547 96453
3548 3548
3549 96451
3550 3550
3551 96449
3552 3552
3553 96447
3554 3554
3555 96445
3556 3556
3557 96443
3558 3558
3559 96441
3560 3560
3561 96439
3562 3562
3563 96437
3564 3564
3565 96435
3566 3566
3567 96433
3568 3568
3569 96431
3570 3570
3571 96429
3572 3572
3573 96427
3574 3574
3575 96425
3576 3576
3577 96423
3578 3578
3579 96421
3580 3580
3581 96419
3582 3582
3583 96417
3584 3584
3585 96415
3586 3586
3587 96413
3588 3588
3589 96411
3590 3590
3591 96409
3592 3592
3593 96407
3594 3594
3595 96405
3596 3596
3597 96403
3598 3598
3599 96401
3600 3600
3601 96399
3602 3602
3603 96397
3604 3604
3605 96395
3606 3606
3607 96393
3608 3608
3609 96391
3610 3610
3611 96389
3612 3612
3613 96387
3614 3614
3615 96385
3616 3616
3617 96383
3618 3618
3619 96381
3620 3620
3621 96379
3622 3622
3623 96377
3624 3624
3625 96375
3626 3626
3627 96373
3628 3628
3629 96371
3630 3630
3631 96369
3632 3632
3633 96367
3634 3634
3635 96365
3636 3636
3637 96363
3638 3638
3639 96361
3640 3640
3641 96359
3642 3642
3643 96357
3644 3644
3645 96355
3646 3646
3647 96353
3648 3648
3649 96351
3650 3650
3651 96349
3652 3652
3653 96347
3654 3654
3655 96345
3656 3656
3657 96343
3658 3658
3659 96341
3660 3660
3661 96339
3662 3662
3663 96337
3664 3664
3665 96335
3666 3666
3667 96333
3668 3668
3669 96331
3670 3670
3671 96329
3672 3672
3673 96327
3674 3674
3675 96325
3676 3676
3677 96323
3678 3678
3679 96321
3680 3680
3681 96319
3682 3682
3683 96317
3684 3684
3685 96315
3686 3686
3687 96313
3688 3688
3689 96311
3690 3690
3691 96309
3692 3692
3693 96307
3694 3694
3695 96305
3696 3696
3697 96303
3698 3698
3699 96301
3700 3700
3701 96299
3702 3702
3703 96297
3704 3704
3705 96295
3706 3706
3707 96293
3708 3708
3709 96291
3710 3710
3711 96289
3712 3712
3713 96287
3714 3714
3715 96285
3716 3716
3717 96283
3718 3718
3719 96281
3720 3720
3721 96279
3722 3722
3723 96277
3724 3724
3725 96275
3726 3726
3727 96273
3728 3728
3729 96271
3730 3730
3731 96269
3732 3732
3733 96267
3734 3734
3735 96265
3736 3736
3737 96263
3738 3738
3739 96261
3740 3740
3741 96259
3742 3742
3743 96257
3744 3744
3745 96255
3746 3746
3747 96253
3748 3748
3749 96251
3750 3750
3751 96249
3752 3752
3753 96247
3754 3754
3755 96245
3756 3756
3757 96243
3758 3758
3759 96241
3760 3760
3761 96239
3762 3762
3763 96237
3764 3764
3765 96235
3766 3766
3767 96233
3768 3768
3769 96231
3770 3770
3771 96229
3772 3772
3773 96227
3774 3774
3775 96225
3776 3776
3777 96223
3778 3778
3779 96221
3780 3780
3781 96219
3782 3782
3783 96217
3784 3784
3785 96215
3786 3786
3787 96213
3788 3788
3789 96211
3790 3790
3791 96209
3792 3792
3793 96207
3794 3794
3795 96205
3796 3796
3797 96203
3798 3798
3799 96201
3800 3800
3801 96199
3802 3802
3803 96197
3804 3804
3805 96195
3806 3806
3807 96193
3808 3808
3809 96191
3810 3810
3811 96189
3812 3812
3813 96187
3814 3814
3815 96185
3816 3816
3817 96183
3818 3818
3819 96181
3820 3820
3821 96179
3822 3822
3823 96177
3824 3824
3825 96175
3826 3826
3827 96173
3828 3828
3829 96171
3830 3830
3831 96169
3832 3832
3833 96167
3834 3834
3835 96165
3836 3836
3837 96163
3838 3838
3839 96161
3840 3840
3841 96159
3842 3842
3843 96157
3844 3844
3845 96155
3846 3846
3847 96153
3848 3848
3849 96151
3850 3850
3851 96149
3852 3852
3853 96147
3854 3854
3855 96145
3856 3856
3857 96143
3858 3858
3859 96141
3860 3860
3861 96139
3862 3862
3863 96137
3864 3864
3865 96135
3866 3866
3867 96133
3868 3868
3869 96131
3870 3870
3871 96129
3872 3872
3873 96127
3874 3874
3875 96125
3876 3876
3877 96123
3878 3878
3879 96121
3880 3880
3881 96119
3882 3882
3883 96117
3884 3884
3885 96115
3886 3886
3887 96113
3888 3888
3889 96111
3890 3890
3891 96109
3892 3892
3893 96107
3894 3894
3895 96105
3896 3896
3897 96103
3898 3898
3899 96101
3900 3900
3901 96099
3902 3902
3903 96097
3904 3904
3905 96095
3906 3906
3907 96093
3908 3908
3909 96091
3910 3910
3911 96089
3912 3912
3913 96087
3914 3914
3915 96085
3916 3916
3917 96083
3918 3918
3919 96081
3920 3920
3921 96079
3922 3922
3923 96077
3924 3924
3925 96075
3926 3926
3927 96073
3928 3928
3929 96071
3930 3930
3931 96069
3932 3932
3933 96067
3934 3934
3935 96065
3936 3936
3937 96063
3938 3938
3939 96061
3940 3940
3941 96059
3942 3942
3943 96057
3944 3944
3945 96055
3946 3946
3947 96053
3948 3948
3949 96051
3950 3950
3951 96049
3952 3952
3953 96047
3954 3954
3955 96045
3956 3956
3957 96043
3958 3958
3959 96041
3960 3960
3961 96039
3962 3962
3963 96037
3964 3964
3965 96035
3966 3966
3967 96033
3968 3968
3969 96031
3970 3970
3971 96029
3972 3972
3973 96027
3974 3974
3975 96025
3976 3976
3977 96023
3978 3978
3979 96021
3980 3980
3981 96019
3982 3982
3983 96017
3984 3984
3985 96015
3986 3986
3987 96013
3988 3988
3989 96011
3990 3990
3991 96009
3992 3992
3993 96007
3994 3994
3995 96005
3996 3996
3997 96003
3998 3998
3999 96001
