101
1 5
1 33
1 88
1 28
1 50
1 58
1 62
1 28
1 91
1 34
1 82
1 45
1 46
1 62
1 9
1 96
1 32
1 62
1 93
1 46
1 3
1 53
1 2
1 5
1 15
1 64
1 34
1 85
1 15
1 76
1 53
1 56
1 1
1 90
1 78
1 90
1 83
1 95
1 36
1 75
1 81
1 83
1 73
1 75
1 90
1 24
1 21
1 12
1 53
1 23
1 37
1 91
1 74
1 14
1 4
1 97
1 100
1 86
1 49
1 39
1 81
1 3
1 52
1 49
1 35
1 14
1 89
1 26
1 80
1 100
1 48
1 97
1 65
1 93
1 78
1 17
1 18
1 82
1 45
1 18
1 36
1 42
1 3
1 93
1 40
1 9
1 85
1 82
1 27
1 64
1 85
1 21
1 99
1 70
1 61
1 29
1 34
1 47
1 95
1 27
1 26